Code,County,Total,Hombres,Mujeres
 ,Total,97483412,47592253,49891159
#NAME?,Aguascalientes,944285,456533,487752
 01 001 ,Aguascalientes,643419,310771,332648
 01 002 ,Asientos,37763,18387,19376
 01 003 ,Calvillo,51291,24431,26860
 01 004 ,Cosío,12619,6133,6486
 01 005 ,Jesús María,64097,31193,32904
 01 006 ,Pabellón de Arteaga,34296,16547,17749
 01 007 ,Rincón de Romos,41655,20280,21375
 01 008 ,San José de Gracia,7244,3455,3789
 01 009 ,Tepezalá,16508,7995,8513
 01 010 ,El Llano,15327,7631,7696
 01 011 ,San Francisco de los Romo,20066,9710,10356
#NAME?,Baja California,2487367,1252581,1234786
 02 001 ,Ensenada,370730,185494,185236
 02 002 ,Mexicali,764602,384270,380332
 02 003 ,Tecate,77795,39624,38171
 02 004 ,Tijuana,1210820,610751,600069
 02 005 ,Playas de Rosarito,63420,32442,30978
#NAME?,Baja California Sur,424041,216250,207791
 03 001 ,Comondú,63864,31960,31904
 03 002 ,Mulegé,45989,23593,22396
 03 003 ,La Paz,196907,98813,98094
 03 008 ,Los Cabos,105469,55756,49713
 03 009 ,Loreto,11812,6128,5684
#NAME?,Campeche,690689,344334,346355
 04 001 ,Calkiní,46899,23203,23696
 04 002 ,Campeche,216897,105527,111370
 04 003 ,Carmen,172076,86219,85857
 04 004 ,Champotón,70554,35812,34742
 04 005 ,Hecelchakán,24889,12391,12498
 04 006 ,Hopelchén,31214,15974,15240
 04 007 ,Palizada,8401,4326,4075
 04 008 ,Tenabo,8400,4299,4101
 04 009 ,Escárcega,50563,25245,25318
 04 010 ,Calakmul,23115,12042,11073
 04 011 ,Candelaria,37681,19296,18385
#NAME?,Coahuila de Zaragoza,2298070,1140195,1157875
 05 001 ,Abasolo,1126,569,557
 05 002 ,Acuña,110487,56567,53920
 05 003 ,Allende,20943,10372,10571
 05 004 ,Arteaga,19374,9927,9447
 05 005 ,Candela,1677,856,821
 05 006 ,Castaños,22530,11280,11250
 05 007 ,Cuatrociénegas,12154,6152,6002
 05 008 ,Escobedo,2784,1344,1440
 05 009 ,Francisco I. Madero,46452,23096,23356
 05 010 ,Frontera,66579,33062,33517
 05 011 ,General Cepeda,11316,5924,5392
 05 012 ,Guerrero,2050,1119,931
 05 013 ,Hidalgo,1441,753,688
 05 014 ,Jiménez,9724,4954,4770
 05 015 ,Juárez,1610,828,782
 05 016 ,Lamadrid,1781,904,877
 05 017 ,Matamoros,92029,45817,46212
 05 018 ,Monclova,193744,96057,97687
 05 019 ,Morelos,7263,3693,3570
 05 020 ,Múzquiz,62773,31367,31406
 05 021 ,Nadadores,5946,3056,2890
 05 022 ,Nava,23019,11741,11278
 05 023 ,Ocampo,12053,6355,5698
 05 024 ,Parras,43339,21966,21373
 05 025 ,Piedras Negras,128130,63587,64543
 05 026 ,Progreso,3608,1838,1770
 05 027 ,Ramos Arizpe,39853,20293,19560
 05 028 ,Sabinas,52379,25883,26496
 05 029 ,Sacramento,2006,1010,996
 05 030 ,Saltillo,578046,286939,291107
 05 031 ,San Buenaventura,20046,9951,10095
 05 032 ,San Juan de Sabinas,40138,19624,20514
 05 033 ,San Pedro,88343,43928,44415
 05 034 ,Sierra Mojada,6023,3143,2880
 05 035 ,Torreón,529512,257176,272336
 05 036 ,Viesca,18969,9509,9460
 05 037 ,Villa Unión,6159,3180,2979
 05 038 ,Zaragoza,12664,6375,6289
#NAME?,Colima,542627,268192,274435
 06 001 ,Armería,28574,14232,14342
 06 002 ,Colima,129958,63118,66840
 06 003 ,Comala,19384,9542,9842
 06 004 ,Coquimatlán,18756,9300,9456
 06 005 ,Cuauhtémoc,26771,13288,13483
 06 006 ,Ixtlahuacán,5478,2775,2703
 06 007 ,Manzanillo,125143,62611,62532
 06 008 ,Minatitlán,8466,4345,4121
 06 009 ,Tecomán,99289,49666,49623
 06 010 ,Villa de Alvarez,80808,39315,41493
#NAME?,Chiapas,3920892,1941880,1979012
 07 001 ,Acacoyagua,14189,7276,6913
 07 002 ,Acala,24754,12361,12393
 07 003 ,Acapetahua,25154,12721,12433
 07 004 ,Altamirano,21948,10967,10981
 07 005 ,Amatán,18778,9607,9171
 07 006 ,Amatenango de la Frontera,26094,13116,12978
 07 007 ,Amatenango del Valle,6559,3190,3369
 07 008 ,Angel Albino Corzo,21848,11136,10712
 07 009 ,Arriaga,37989,18760,19229
 07 010 ,Bejucal de Ocampo,6673,3377,3296
 07 011 ,Bella Vista,18205,9102,9103
 07 012 ,Berriozábal,28719,14493,14226
 07 013 ,Bochil,22722,11369,11353
 07 014 ,El Bosque,14993,7496,7497
 07 015 ,Cacahoatán,39033,19415,19618
 07 016 ,Catazajá,15709,8095,7614
 07 017 ,Cintalapa,64013,31920,32093
 07 018 ,Coapilla,7217,3655,3562
 07 019 ,Comitán de Domínguez,105210,50592,54618
 07 020 ,La Concordia,39770,20431,19339
 07 021 ,Copainalá,19298,9680,9618
 07 022 ,Chalchihuitán,12256,6184,6072
 07 023 ,Chamula,59005,28077,30928
 07 024 ,Chanal,7568,3756,3812
 07 025 ,Chapultenango,6965,3454,3511
 07 026 ,Chenalhó,27331,13701,13630
 07 027 ,Chiapa de Corzo,60620,30196,30424
 07 028 ,Chiapilla,5242,2714,2528
 07 029 ,Chicoasén,4345,2241,2104
 07 030 ,Chicomuselo,24994,12583,12411
 07 031 ,Chilón,77686,38755,38931
 07 032 ,Escuintla,28064,13929,14135
 07 033 ,Francisco León,5236,2653,2583
 07 034 ,Frontera Comalapa,52168,25504,26664
 07 035 ,Frontera Hidalgo,10917,5436,5481
 07 036 ,La Grandeza,5969,3005,2964
 07 037 ,Huehuetán,31464,15597,15867
 07 038 ,Huixtán,18630,9201,9429
 07 039 ,Huitiupán,20041,10121,9920
 07 040 ,Huixtla,48476,23896,24580
 07 041 ,La Independencia,32245,15648,16597
 07 042 ,Ixhuatán,8877,4440,4437
 07 043 ,Ixtacomitán,9143,4513,4630
 07 044 ,Ixtapa,18533,9214,9319
 07 045 ,Ixtapangajoya,4707,2352,2355
 07 046 ,Jiquipilas,34937,17643,17294
 07 047 ,Jitotol,13076,6622,6454
 07 048 ,Juárez,19956,10036,9920
 07 049 ,Larráinzar,16538,8252,8286
 07 050 ,La Libertad,5288,2644,2644
 07 051 ,Mapastepec,39055,19715,19340
 07 052 ,Las Margaritas,87034,43270,43764
 07 053 ,Mazapa de Madero,7180,3577,3603
 07 054 ,Mazatán,24079,12159,11920
 07 055 ,Metapa,4794,2373,2421
 07 056 ,Mitontic,7602,3690,3912
 07 057 ,Motozintla,59875,30121,29754
 07 058 ,Nicolás Ruíz,3135,1567,1568
 07 059 ,Ocosingo,146696,73714,72982
 07 060 ,Ocotepec,9271,4626,4645
 07 061 ,Ocozocoautla de Espinosa,65673,32747,32926
 07 062 ,Ostuacán,17026,8672,8354
 07 063 ,Osumacinta,3132,1575,1557
 07 064 ,Oxchuc,37887,18996,18891
 07 065 ,Palenque,85464,42621,42843
 07 066 ,Pantelhó,16262,8160,8102
 07 067 ,Pantepec,8566,4294,4272
 07 068 ,Pichucalco,29357,14735,14622
 07 069 ,Pijijiapan,46949,23528,23421
 07 070 ,El Porvenir,11641,5854,5787
 07 071 ,Villa Comaltitlán,26706,13513,13193
 07 072 ,Pueblo Nuevo Solistahuacán,24405,12050,12355
 07 073 ,Rayón,6870,3454,3416
 07 074 ,Reforma,34809,17487,17322
 07 075 ,Las Rosas,21100,10489,10611
 07 076 ,Sabanilla,21156,10656,10500
 07 077 ,Salto de Agua,49300,24697,24603
 07 078 ,San Cristóbal de las Casas,132421,63725,68696
 07 079 ,San Fernando,26436,13469,12967
 07 080 ,Siltepec,32457,16646,15811
 07 081 ,Simojovel,31615,15738,15877
 07 082 ,Sitalá,7987,3983,4004
 07 083 ,Socoltenango,15171,7650,7521
 07 084 ,Solosuchiapa,7784,3916,3868
 07 085 ,Soyaló,7767,3947,3820
 07 086 ,Suchiapa,15890,8044,7846
 07 087 ,Suchiate,30251,14970,15281
 07 088 ,Sunuapa,1936,993,943
 07 089 ,Tapachula,271674,131653,140021
 07 090 ,Tapalapa,3639,1760,1879
 07 091 ,Tapilula,10349,5128,5221
 07 092 ,Tecpatán,38383,19166,19217
 07 093 ,Tenejapa,33161,16286,16875
 07 094 ,Teopisca,26996,13226,13770
 07 096 ,Tila,58153,29065,29088
 07 097 ,Tonalá,78438,39028,39410
 07 098 ,Totolapa,5513,2772,2741
 07 099 ,La Trinitaria,59686,29094,30592
 07 100 ,Tumbalá,26866,13255,13611
 07 101 ,Tuxtla Gutiérrez,434143,208659,225484
 07 102 ,Tuxtla Chico,33467,16626,16841
 07 103 ,Tuzantán,23180,11637,11543
 07 104 ,Tzimol,11925,5938,5987
 07 105 ,Unión Juárez,13934,6963,6971
 07 106 ,Venustiano Carranza,52833,26727,26106
 07 107 ,Villa Corzo,68685,34656,34029
 07 108 ,Villaflores,85957,42923,43034
 07 109 ,Yajalón,26044,12892,13152
 07 110 ,San Lucas,5673,2885,2788
 07 111 ,Zinacantán,29754,14281,15473
 07 112 ,San Juan Cancuc,20688,10311,10377
 07 113 ,Aldama,3635,1770,1865
 07 114 ,Benemérito de las Américas,14436,7395,7041
 07 115 ,Maravilla Tenejapa,10526,5407,5119
 07 116 ,Marqués de Comillas,8580,4451,4129
 07 117 ,Montecristo de Guerrero,5086,2632,2454
 07 118 ,San Andrés Duraznal,3423,1679,1744
 07 119 ,Santiago el Pinar,2174,1068,1106
#NAME?,Chihuahua,3052907,1519972,1532935
 08 001 ,Ahumada,11901,6176,5725
 08 002 ,Aldama,19378,9701,9677
 08 003 ,Allende,8561,4283,4278
 08 004 ,Aquiles Serdán,5327,3375,1952
 08 005 ,Ascensión,21939,11213,10726
 08 006 ,Bachíniva,6403,3247,3156
 08 007 ,Balleza,16770,8591,8179
 08 008 ,Batopilas,12545,6425,6120
 08 009 ,Bocoyna,27907,13756,14151
 08 010 ,Buenaventura,20056,10133,9923
 08 011 ,Camargo,45852,22605,23247
 08 012 ,Carichí,7760,3961,3799
 08 013 ,Casas Grandes,10004,5158,4846
 08 014 ,Coronado,2205,1152,1053
 08 015 ,Coyame del Sotol,1708,907,801
 08 016 ,La Cruz,3777,1919,1858
 08 017 ,Cuauhtémoc,124378,60901,63477
 08 018 ,Cusihuiriachi,5784,2978,2806
 08 019 ,Chihuahua,671790,326247,345543
 08 020 ,Chínipas,6768,3533,3235
 08 021 ,Delicias,116426,57114,59312
 08 022 ,Dr. Belisario Domínguez,3853,1970,1883
 08 023 ,Galeana,3876,1933,1943
 08 024 ,Santa Isabel,4759,2405,2354
 08 025 ,Gómez Farías,8867,4361,4506
 08 026 ,Gran Morelos,3875,1952,1923
 08 027 ,Guachochi,40615,20278,20337
 08 028 ,Guadalupe,10032,5144,4888
 08 029 ,Guadalupe y Calvo,48355,24507,23848
 08 030 ,Guazapares,8066,4046,4020
 08 031 ,Guerrero,39109,19607,19502
 08 032 ,Hidalgo del Parral,100821,48823,51998
 08 033 ,Huejotitán,1169,584,585
 08 034 ,Ignacio Zaragoza,7832,3995,3837
 08 035 ,Janos,10214,5300,4914
 08 036 ,Jiménez,38323,19037,19286
 08 037 ,Juárez,1218817,612799,606018
 08 038 ,Julimes,5165,2630,2535
 08 039 ,López,4080,2127,1953
 08 040 ,Madera,34056,17305,16751
 08 041 ,Maguarichi,1795,928,867
 08 042 ,Manuel Benavides,1746,938,808
 08 043 ,Matachí,3221,1594,1627
 08 044 ,Matamoros,4429,2262,2167
 08 045 ,Meoqui,40018,19928,20090
 08 046 ,Morelos,9482,4814,4668
 08 047 ,Moris,5219,2722,2497
 08 048 ,Namiquipa,23643,11888,11755
 08 049 ,Nonoava,2946,1534,1412
 08 050 ,Nuevo Casas Grandes,54390,26765,27625
 08 051 ,Ocampo,7276,3813,3463
 08 052 ,Ojinaga,24307,12329,11978
 08 053 ,Praxedis G. Guerrero,8905,4588,4317
 08 054 ,Riva Palacio,10020,5111,4909
 08 055 ,Rosales,14969,7525,7444
 08 056 ,Rosario,2575,1270,1305
 08 057 ,San Francisco de Borja,2331,1173,1158
 08 058 ,San Francisco de Conchos,2843,1452,1391
 08 059 ,San Francisco del Oro,6054,3033,3021
 08 060 ,Santa Bárbara,11597,5750,5847
 08 061 ,Satevó,4962,2607,2355
 08 062 ,Saucillo,30644,15204,15440
 08 063 ,Temósachi,6989,3638,3351
 08 064 ,El Tule,2177,1092,1085
 08 065 ,Urique,17655,8854,8801
 08 066 ,Uruachi,8282,4260,4022
 08 067 ,Valle de Zaragoza,5309,2722,2587
#NAME?,Distrito Federal,8605239,4110485,4494754
 09 002 ,Azcapotzalco,441008,210101,230907
 09 003 ,Coyoacán,640423,300429,339994
 09 004 ,Cuajimalpa de Morelos,151222,71870,79352
 09 005 ,Gustavo A. Madero,1235542,595133,640409
 09 006 ,Iztacalco,411321,196000,215321
 09 007 ,Iztapalapa,1773343,864239,909104
 09 008 ,La Magdalena Contreras,222050,106469,115581
 09 009 ,Milpa Alta,96773,47898,48875
 09 010 ,Alvaro Obregón,687020,327431,359589
 09 011 ,Tláhuac,302790,147469,155321
 09 012 ,Tlalpan,581781,280083,301698
 09 013 ,Xochimilco,369787,181872,187915
 09 014 ,Benito Juárez,360478,160409,200069
 09 015 ,Cuauhtémoc,516255,241750,274505
 09 016 ,Miguel Hidalgo,352640,160132,192508
 09 017 ,Venustiano Carranza,462806,219200,243606
#NAME?,Durango,1448661,709521,739140
 10 001 ,Canatlán,31291,15424,15867
 10 002 ,Canelas,4298,2155,2143
 10 003 ,Coneto de Comonfort,4554,2202,2352
 10 004 ,Cuencamé,32805,16277,16528
 10 005 ,Durango,491436,236869,254567
 10 006 ,Gral. Simón Boívar,10644,5247,5397
 10 007 ,Gómez Palacio,273315,134647,138668
 10 008 ,Guadalupe Victoria,32011,15533,16478
 10 009 ,Guanaceví,10794,5501,5293
 10 010 ,Hidalgo,4619,2341,2278
 10 011 ,Indé,6011,3016,2995
 10 012 ,Lerdo,112435,55546,56889
 10 013 ,Mapimí,22367,11089,11278
 10 014 ,Mezquital,27512,13344,14168
 10 015 ,Nazas,12467,6157,6310
 10 016 ,Nombre de Dios,18039,8817,9222
 10 017 ,Ocampo,10156,5148,5008
 10 018 ,El Oro,12247,5923,6324
 10 019 ,Otáez,5093,2551,2542
 10 020 ,Pánuco de Coronado,12853,6206,6647
 10 021 ,Peñón Blanco,10490,5188,5302
 10 022 ,Poanas,24331,11769,12562
 10 023 ,Pueblo Nuevo,45217,22434,22783
 10 024 ,Rodeo,12497,6091,6406
 10 025 ,San Bernardo,4147,2205,1942
 10 026 ,San Dimas,21907,11177,10730
 10 027 ,San Juan de Guadalupe,6548,3217,3331
 10 028 ,San Juan del Río,12290,6074,6216
 10 029 ,San Luis del Cordero,2070,1020,1050
 10 030 ,San Pedro del Gallo,1876,924,952
 10 031 ,Santa Clara,6969,3325,3644
 10 032 ,Santiago Papasquiaro,43517,21592,21925
 10 033 ,Súchil,7331,3522,3809
 10 034 ,Tamazula,27144,14222,12922
 10 035 ,Tepehuanes,12937,6241,6696
 10 036 ,Tlahualilo,19918,9809,10109
 10 037 ,Topia,8727,4393,4334
 10 038 ,Vicente Guerrero,19813,9605,10208
 10 039 ,Nuevo Ideal,25985,12720,13265
#NAME?,Guanajuato,4663032,2233315,2429717
 11 001 ,Abasolo,79093,37369,41724
 11 002 ,Acámbaro,110718,51939,58779
 11 003 ,Allende,134880,64507,70373
 11 004 ,Apaseo el Alto,56817,27200,29617
 11 005 ,Apaseo el Grande,68738,32768,35970
 11 006 ,Atarjea,5198,2502,2696
 11 007 ,Celaya,382958,182759,200199
 11 008 ,Manuel Doblado,38309,17982,20327
 11 009 ,Comonfort,67642,31854,35788
 11 010 ,Coroneo,10347,4861,5486
 11 011 ,Cortazar,81359,38660,42699
 11 012 ,Cuerámaro,25610,11990,13620
 11 013 ,Doctor Mora,19943,9510,10433
 11 014 ,Dolores Hidalgo,128994,61103,67891
 11 015 ,Guanajuato,141196,68357,72839
 11 016 ,Huanímaro,19693,9096,10597
 11 017 ,Irapuato,440134,210596,229538
 11 018 ,Jaral del Progreso,31803,14906,16897
 11 019 ,Jerécuaro,55311,26586,28725
 11 020 ,León,1134842,554690,580152
 11 021 ,Moroleón,47132,22009,25123
 11 022 ,Ocampo,20984,9983,11001
 11 023 ,Pénjamo,144426,68026,76400
 11 024 ,Pueblo Nuevo,10398,4722,5676
 11 025 ,Purísima del Rincón,44778,21788,22990
 11 026 ,Romita,51825,24560,27265
 11 027 ,Salamanca,226654,108627,118027
 11 028 ,Salvatierra,94558,44161,50397
 11 029 ,San Diego de la Unión,34088,16133,17955
 11 030 ,San Felipe,95359,45251,50108
 11 031 ,San Francisco del Rincón,100239,48393,51846
 11 032 ,San José Iturbide,54661,25911,28750
 11 033 ,San Luis de la Paz,96729,46057,50672
 11 034 ,Santa Catarina,4533,2152,2381
 11 035 ,Santa Cruz de Juventino Rosas,65479,31373,34106
 11 036 ,Santiago Maravatío,7151,3287,3864
 11 037 ,Silao,134337,65578,68759
 11 038 ,Tarandacuao,11583,5431,6152
 11 039 ,Tarimoro,37418,17475,19943
 11 040 ,Tierra Blanca,14515,6944,7571
 11 041 ,Uriangato,52931,25077,27854
 11 042 ,Valle de Santiago,130821,61186,69635
 11 043 ,Victoria,17764,8316,9448
 11 044 ,Villagrán,45941,21894,24047
 11 045 ,Xichú,11323,5527,5796
 11 046 ,Yuriria,73820,34219,39601
#NAME?,Guerrero,3079649,1491287,1588362
 12 001 ,Acapulco de Juárez,722499,347732,374767
 12 002 ,Ahuacuotzingo,19388,8817,10571
 12 003 ,Ajuchitlán del Progreso,41266,19852,21414
 12 004 ,Alcozauca de Guerrero,15828,7475,8353
 12 005 ,Alpoyeca,6062,2825,3237
 12 006 ,Apaxtla,13146,6323,6823
 12 007 ,Arcelia,32818,16007,16811
 12 008 ,Atenango del Río,8504,4046,4458
 12 009 ,Atlamajalcingo del Monte,5080,2502,2578
 12 010 ,Atlixtac,21407,10344,11063
 12 011 ,Atoyac de Alvarez,61736,30159,31577
 12 012 ,Ayutla de los Libres,55350,27460,27890
 12 013 ,Azoyú,32400,15991,16409
 12 014 ,Benito Juárez,15448,7520,7928
 12 015 ,Buenavista de Cuéllar,12619,6074,6545
 12 016 ,Coahuayutla de José María Izazaga,15372,7722,7650
 12 017 ,Cocula,15666,7469,8197
 12 018 ,Copala,13060,6398,6662
 12 019 ,Copalillo,12730,6022,6708
 12 020 ,Copanatoyac,15753,7634,8119
 12 021 ,Coyuca de Benítez,69059,33622,35437
 12 022 ,Coyuca de Catalán,46172,22470,23702
 12 023 ,Cuajinicuilapa,25641,12596,13045
 12 024 ,Cualác,6575,3219,3356
 12 025 ,Cuautepec,15156,7686,7470
 12 026 ,Cuetzala del Progreso,9869,4737,5132
 12 027 ,Cutzamala de Pinzón,26166,12534,13632
 12 028 ,Chilapa de Alvarez,102853,48724,54129
 12 029 ,Chilpancingo de los Bravo,192947,92873,100074
 12 030 ,Florencio Villarreal,19061,9402,9659
 12 031 ,General Canuto A. Neri,7687,3677,4010
 12 032 ,General Heliodoro Castillo,35625,17817,17808
 12 033 ,Huamuxtitlán,14291,6686,7605
 12 034 ,Huitzuco de los Figueroa,35668,16934,18734
 12 035 ,Iguala de la Independencia,123960,59201,64759
 12 036 ,Igualapa,10192,5011,5181
 12 037 ,Ixcateopan de Cuauhtémoc,7119,3313,3806
 12 038 ,José Azueta,95548,47380,48168
 12 039 ,Juan R. Escudero,21994,10597,11397
 12 040 ,Leonardo Bravo,22906,11274,11632
 12 041 ,Malinaltepec,34925,17190,17735
 12 042 ,Mártir de Cuilapan,13801,6559,7242
 12 043 ,Metlatónoc,30039,14402,15637
 12 044 ,Mochitlán,10133,4948,5185
 12 045 ,Olinalá,22645,11015,11630
 12 046 ,Ometepec,50356,24726,25630
 12 047 ,Pedro Ascencio Alquisiras,7852,3630,4222
 12 048 ,Petatlán,46328,23130,23198
 12 049 ,Pilcaya,10851,5240,5611
 12 050 ,Pungarabato,34740,16918,17822
 12 051 ,Quechultenango,32541,15840,16701
 12 052 ,San Luis Acatlán,36813,18288,18525
 12 053 ,San Marcos,48782,23716,25066
 12 054 ,San Miguel Totolapan,28986,14321,14665
 12 055 ,Taxco de Alarcón,100245,48575,51670
 12 056 ,Tecoanapa,43128,21500,21628
 12 057 ,Técpan de Galeana,60313,29886,30427
 12 058 ,Teloloapan,53950,25410,28540
 12 059 ,Tepecoacuilco de Trujano,30838,14537,16301
 12 060 ,Tetipac,13318,6552,6766
 12 061 ,Tixtla de Guerrero,33620,16041,17579
 12 062 ,Tlacoachistlahuaca,15696,7633,8063
 12 063 ,Tlacoapa,9195,4340,4855
 12 064 ,Tlalchapa,12942,6223,6719
 12 065 ,Tlalixtaquilla de Maldonado,6699,3185,3514
 12 066 ,Tlapa de Comonfort,57346,27795,29551
 12 067 ,Tlapehuala,22677,10825,11852
 12 068 ,La Unión de Isidoro Montes de Oca,27619,13852,13767
 12 069 ,Xalpatláhuac,11687,5535,6152
 12 070 ,Xochihuehuetlán,7863,3568,4295
 12 071 ,Xochistlahuaca,22781,11096,11685
 12 072 ,Zapotitlán Tablas,10271,5017,5254
 12 073 ,Zirándaro,23563,11816,11747
 12 074 ,Zitlala,17361,8163,9198
 12 075 ,Eduardo Neri,40064,19545,20519
 12 076 ,Acatepec,25060,12145,12915
#NAME?,Hidalgo,2235591,1081993,1153598
 13 001 ,Acatlán,18619,9022,9597
 13 002 ,Acaxochitlán,36978,17933,19045
 13 003 ,Actopan,46010,21594,24416
 13 004 ,Agua Blanca de Iturbide,8515,4175,4340
 13 005 ,Ajacuba,14507,6942,7565
 13 006 ,Alfajayucan,17018,8311,8707
 13 007 ,Almoloya,10290,5119,5171
 13 008 ,Apan,39513,19015,20498
 13 009 ,El Arenal,14223,6817,7406
 13 010 ,Atitalaquia,21636,10748,10888
 13 011 ,Atlapexco,18029,8704,9325
 13 012 ,Atotonilco el Grande,25423,11837,13586
 13 013 ,Atotonilco de Tula,24848,12326,12522
 13 014 ,Calnali,16381,8002,8379
 13 015 ,Cardonal,16943,8184,8759
 13 016 ,Cuautepec de Hinojosa,45110,21831,23279
 13 017 ,Chapantongo,11257,5645,5612
 13 018 ,Chapulhuacán,20362,10285,10077
 13 019 ,Chilcuautla,15069,7290,7779
 13 020 ,Eloxochitlán,3044,1449,1595
 13 021 ,Emiliano Zapata,12281,5980,6301
 13 022 ,Epazoyucan,11054,5397,5657
 13 023 ,Francisco I. Madero,28492,13433,15059
 13 024 ,Huasca de Ocampo,15308,7325,7983
 13 025 ,Huautla,23339,11293,12046
 13 026 ,Huazalingo,11130,5441,5689
 13 027 ,Huehuetla,25098,12494,12604
 13 028 ,Huejutla de Reyes,108239,53423,54816
 13 029 ,Huichapan,38044,18027,20017
 13 030 ,Ixmiquilpan,75833,35499,40334
 13 031 ,Jacala de Ledezma,12895,6172,6723
 13 032 ,Jaltocán,10100,4987,5113
 13 033 ,Juárez Hidalgo,3207,1605,1602
 13 034 ,Lolotla,9867,4880,4987
 13 035 ,Metepec,10200,4870,5330
 13 036 ,San Agustín Metzquititlán,8803,4158,4645
 13 037 ,Metztitlán,20599,9696,10903
 13 038 ,Mineral del Chico,7013,3415,3598
 13 039 ,Mineral del Monte,12885,6053,6832
 13 040 ,La Misión,11051,5525,5526
 13 041 ,Mixquiahuala de Juárez,35065,16691,18374
 13 042 ,Molango de Escamilla,10769,5354,5415
 13 043 ,Nicolás Flores,6838,3277,3561
 13 044 ,Nopala de Villagrán,14762,7279,7483
 13 045 ,Omitlán de Juárez,8022,3868,4154
 13 046 ,San Felipe Orizatlán,37685,18891,18794
 13 047 ,Pacula,5583,2601,2982
 13 048 ,Pachuca de Soto,245208,117022,128186
 13 049 ,Pisaflores,16530,8372,8158
 13 050 ,Progreso de Obregón,19041,8939,10102
 13 051 ,Mineral de la Reforma,42223,20252,21971
 13 052 ,San Agustín Tlaxiaca,24248,11966,12282
 13 053 ,San Bartolo Tutotepec,18650,9406,9244
 13 054 ,San Salvador,28980,14024,14956
 13 055 ,Santiago de Anaya,13582,6596,6986
 13 056 ,Santiago Tulantepec de Lugo Guerrero,26254,12500,13754
 13 057 ,Singuilucan,13269,6582,6687
 13 058 ,Tasquillo,16648,7841,8807
 13 059 ,Tecozautla,30970,14813,16157
 13 060 ,Tenango de Doria,17175,8494,8681
 13 061 ,Tepeapulco,49539,23949,25590
 13 062 ,Tepehuacán de Guerrero,25880,13271,12609
 13 063 ,Tepeji del Río de Ocampo,67858,33449,34409
 13 064 ,Tepetitlán,8498,4142,4356
 13 065 ,Tetepango,8935,4394,4541
 13 066 ,Villa de Tezontepec,8982,4493,4489
 13 067 ,Tezontepec de Aldama,38718,19200,19518
 13 068 ,Tianguistengo,13590,6625,6965
 13 069 ,Tizayuca,46344,22971,23373
 13 070 ,Tlahuelilpan,13936,6795,7141
 13 071 ,Tlahuiltepa,10425,5180,5245
 13 072 ,Tlanalapa,9839,4798,5041
 13 073 ,Tlanchinol,32265,15887,16378
 13 074 ,Tlaxcoapan,22641,11074,11567
 13 075 ,Tolcayuca,11317,5555,5762
 13 076 ,Tula de Allende,86840,42306,44534
 13 077 ,Tulancingo de Bravo,122274,57351,64923
 13 078 ,Xochiatipan,16977,8240,8737
 13 079 ,Xochicoatlán,7519,3733,3786
 13 080 ,Yahualica,20727,10125,10602
 13 081 ,Zacualtipán de Ángeles,24933,11784,13149
 13 082 ,Zapotlán de Juárez,14888,7188,7700
 13 083 ,Zempoala,24516,12138,12378
 13 084 ,Zimapán,37435,17675,19760
#NAME?,Jalisco,6322002,3070241,3251761
 14 001 ,Acatic,19282,9301,9981
 14 002 ,Acatlán de Juárez,20236,10536,9700
 14 003 ,Ahualulco de Mercado,20118,9816,10302
 14 004 ,Amacueca,5494,2648,2846
 14 005 ,Amatitán,12509,6195,6314
 14 006 ,Ameca,56681,27530,29151
 14 007 ,San Juanito de Escobedo,8610,4261,4349
 14 008 ,Arandas,76293,36176,40117
 14 009 ,EL Arenal,14523,6993,7530
 14 010 ,Atemajac de Brizuela,5958,2956,3002
 14 011 ,Atengo,5394,2748,2646
 14 012 ,Atenguillo,4318,2057,2261
 14 013 ,Atotonilco el Alto,51798,24723,27075
 14 014 ,Atoyac,8697,4151,4546
 14 015 ,Autlán de Navarro,50846,24867,25979
 14 016 ,Ayotlán,35432,16948,18484
 14 017 ,Ayutla,13135,6452,6683
 14 018 ,La Barca,59086,27929,31157
 14 019 ,Bolaños,5377,2617,2760
 14 020 ,Cabo Corrientes,9133,4811,4322
 14 021 ,Casimiro Castillo,21577,10694,10883
 14 022 ,Cihuatlán,32019,16199,15820
 14 023 ,Zapotlán el Grande,86743,41389,45354
 14 024 ,Cocula,26460,12540,13920
 14 025 ,Colotlán,17557,8380,9177
 14 026 ,Concepción de Buenos Aires,5726,2838,2888
 14 027 ,Cuautitlán de García Barragán,16097,8186,7911
 14 028 ,Cuautla,2477,1171,1306
 14 029 ,Cuquío,17554,8406,9148
 14 030 ,Chapala,43444,21189,22255
 14 031 ,Chimaltitán,3926,1931,1995
 14 032 ,Chiquilistlán,5536,2722,2814
 14 033 ,Degollado,21044,9907,11137
 14 034 ,Ejutla,2155,1062,1093
 14 035 ,Encarnación de Díaz,46421,21798,24623
 14 036 ,Etzatlán,17342,8493,8849
 14 037 ,El Grullo,22499,11076,11423
 14 038 ,Guachinango,4769,2410,2359
 14 039 ,Guadalajara,1646319,788247,858072
 14 040 ,Hostotipaquillo,8659,4402,4257
 14 041 ,Huejúcar,6273,2911,3362
 14 042 ,Huejuquilla el Alto,9047,4197,4850
 14 043 ,La Huerta,22827,11437,11390
 14 044 ,Ixtlahuacán de los Membrillos,21605,10547,11058
 14 045 ,Ixtlahuacán del Río,19503,9279,10224
 14 046 ,Jalostotitlán,28110,13263,14847
 14 047 ,Jamay,21157,10439,10718
 14 048 ,Jesús María,19842,9212,10630
 14 049 ,Jilotlán de los Dolores,10280,5256,5024
 14 050 ,Jocotepec,35713,17534,18179
 14 051 ,Juanacatlán,11792,5879,5913
 14 052 ,Juchitlán,5831,2737,3094
 14 053 ,Lagos de Moreno,128118,61395,66723
 14 054 ,El Limón,6026,2996,3030
 14 055 ,Magdalena,18177,8819,9358
 14 056 ,Santa María del Oro,2769,1359,1410
 14 057 ,La Manzanilla de la Paz,3813,1786,2027
 14 058 ,Mascota,13873,6786,7087
 14 059 ,Mazamitla,11004,5206,5798
 14 060 ,Mexticacán,6974,3089,3885
 14 061 ,Mezquitic,14614,7016,7598
 14 062 ,Mixtlán,3938,1939,1999
 14 063 ,Ocotlán,84200,40949,43251
 14 064 ,Ojuelos de Jalisco,27230,13169,14061
 14 065 ,Pihuamo,14115,6915,7200
 14 066 ,Poncitlán,40827,20018,20809
 14 067 ,Puerto Vallarta,184728,92539,92189
 14 068 ,Villa Purificación,12357,6167,6190
 14 069 ,Quitupan,11528,5434,6094
 14 070 ,El Salto,83453,41899,41554
 14 071 ,San Cristóbal de la Barranca,4348,2128,2220
 14 072 ,San Diego de Alejandría,6384,2995,3389
 14 073 ,San Juan de los Lagos,55305,26524,28781
 14 074 ,San Julián,14760,6805,7955
 14 075 ,San Marcos,3497,1777,1720
 14 076 ,San Martín de Bolaños,3977,2033,1944
 14 077 ,San Martín de Hidalgo,27286,13052,14234
 14 078 ,San Miguel el Alto,27666,12965,14701
 14 079 ,Gómez Farías,12705,6051,6654
 14 080 ,San Sebastián del Oeste,6577,3311,3266
 14 081 ,Santa María de los Ángeles,4204,1913,2291
 14 082 ,Sayula,30995,14814,16181
 14 083 ,Tala,53616,26316,27300
 14 084 ,Talpa de Allende,13797,6884,6913
 14 085 ,Tamazula de Gordiano,41111,19822,21289
 14 086 ,Tapalpa,15480,7579,7901
 14 087 ,Tecalitlán,18047,8804,9243
 14 088 ,Tecolotlán,16074,7988,8086
 14 089 ,Techaluta de Montenegro,3204,1547,1657
 14 090 ,Tenamaxtlán,7179,3523,3656
 14 091 ,Teocaltiche,37999,17750,20249
 14 092 ,Teocuitatlán de Corona,11817,5628,6189
 14 093 ,Tepatitlán de Morelos,119197,57093,62104
 14 094 ,Tequila,35502,17551,17951
 14 095 ,Teuchitlán,8361,3950,4411
 14 096 ,Tizapán el Alto,19766,9551,10215
 14 097 ,Tlajomulco de Zúñiga,123619,61346,62273
 14 098 ,Tlaquepaque,474178,234184,239994
 14 099 ,Tolimán,9277,4513,4764
 14 100 ,Tomatlán,34329,17622,16707
 14 101 ,Tonalá,337149,170005,167144
 14 102 ,Tonaya,5928,2880,3048
 14 103 ,Tonila,7374,3611,3763
 14 104 ,Totatiche,5089,2454,2635
 14 105 ,Tototlán,20034,9704,10330
 14 106 ,Tuxcacuesco,4024,2029,1995
 14 107 ,Tuxcueca,6109,2940,3169
 14 108 ,Tuxpan,33162,15908,17254
 14 109 ,Unión de San Antonio,15664,7361,8303
 14 110 ,Unión de Tula,14054,6667,7387
 14 111 ,Valle de Guadalupe,5958,2866,3092
 14 112 ,Valle de Juárez,5758,2752,3006
 14 113 ,San Gabriel,13736,6624,7112
 14 114 ,Villa Corona,15936,7603,8333
 14 115 ,Villa Guerrero,5938,2875,3063
 14 116 ,Villa Hidalgo,15381,7399,7982
 14 117 ,Cañadas de Obregón,4407,2032,2375
 14 118 ,Yahualica de González Gallo,23773,10994,12779
 14 119 ,Zacoalco de Torres,25829,12452,13377
 14 120 ,Zapopan,1001021,487839,513182
 14 121 ,Zapotiltic,28981,13872,15109
 14 122 ,Zapotitlán de Vadillo,6533,3197,3336
 14 123 ,Zapotlán del Rey,15478,7585,7893
 14 124 ,Zapotlanejo,53461,25646,27815
#NAME?,México,13096686,6407213,6689473
 15 001 ,Acambay,58389,28185,30204
 15 002 ,Acolman,61250,29992,31258
 15 003 ,Aculco,38827,19038,19789
 15 004 ,Almoloya de Alquisiras,15584,7450,8134
 15 005 ,Almoloya de Juárez,110591,54887,55704
 15 006 ,Almoloya del Río,8873,4216,4657
 15 007 ,Amanalco,21095,10488,10607
 15 008 ,Amatepec,30141,14503,15638
 15 009 ,Amecameca,45255,21896,23359
 15 010 ,Apaxco,23734,11711,12023
 15 011 ,Atenco,34435,17085,17350
 15 012 ,Atizapán,8172,4009,4163
 15 013 ,Atizapán de Zaragoza,467886,228606,239280
 15 014 ,Atlacomulco,76750,36752,39998
 15 015 ,Atlautla,25950,12641,13309
 15 016 ,Axapusco,20516,10222,10294
 15 017 ,Ayapango,5947,2957,2990
 15 018 ,Calimaya,35196,17287,17909
 15 019 ,Capulhuac,28808,14165,14643
 15 020 ,Coacalco de Berriozábal,252555,122901,129654
 15 021 ,Coatepec Harinas,35068,16786,18282
 15 022 ,Cocotitlán,10205,5038,5167
 15 023 ,Coyotepec,35358,17554,17804
 15 024 ,Cuautitlán,75836,37259,38577
 15 025 ,Chalco,217972,107500,110472
 15 026 ,Chapa de Mota,22828,11285,11543
 15 027 ,Chapultepec,5735,2743,2992
 15 028 ,Chiautla,19620,9546,10074
 15 029 ,Chicoloapan,77579,38101,39478
 15 030 ,Chiconcuac,17972,8715,9257
 15 031 ,Chimalhuacán,490772,243410,247362
 15 032 ,Donato Guerra,28006,13924,14082
 15 033 ,Ecatepec de Morelos,1622697,797889,824808
 15 034 ,Ecatzingo,7916,3965,3951
 15 035 ,Huehuetoca,38458,19599,18859
 15 036 ,Hueypoxtla,33343,16716,16627
 15 037 ,Huixquilucan,193468,91963,101505
 15 038 ,Isidro Fabela,8168,4074,4094
 15 039 ,Ixtapaluca,297570,146720,150850
 15 040 ,Ixtapan de la Sal,30529,14478,16051
 15 041 ,Ixtapan del Oro,6425,3235,3190
 15 042 ,Ixtlahuaca,115165,55328,59837
 15 043 ,Xalatlaco,19182,9378,9804
 15 044 ,Jaltenco,31629,15578,16051
 15 045 ,Jilotepec,68336,33832,34504
 15 046 ,Jilotzingo,15086,7472,7614
 15 047 ,Jiquipilco,56614,27218,29396
 15 048 ,Jocotitlán,51979,25363,26616
 15 049 ,Joquicingo,10720,5172,5548
 15 050 ,Juchitepec,18968,9338,9630
 15 051 ,Lerma,99870,49409,50461
 15 052 ,Malinalco,21712,10629,11083
 15 053 ,Melchor Ocampo,37716,18514,19202
 15 054 ,Metepec,194463,94012,100451
 15 055 ,Mexicaltzingo,9225,4503,4722
 15 056 ,Morelos,26971,12899,14072
 15 057 ,Naucalpan de Juárez,858711,416041,442670
 15 058 ,Nezahualcóyotl,1225972,595585,630387
 15 059 ,Nextlalpan,19532,9620,9912
 15 060 ,Nicolás Romero,269546,133318,136228
 15 061 ,Nopaltepec,7512,3792,3720
 15 062 ,Ocoyoacac,49643,24360,25283
 15 063 ,Ocuilan,25989,12779,13210
 15 064 ,El Oro,30411,14585,15826
 15 065 ,Otumba,29097,14429,14668
 15 066 ,Otzoloapan,5196,2609,2587
 15 067 ,Otzolotepec,57583,28183,29400
 15 068 ,Ozumba,23592,11378,12214
 15 069 ,Papalotla,3469,1701,1768
 15 070 ,La Paz,212694,104744,107950
 15 071 ,Polotitlán,11065,5459,5606
 15 072 ,Rayón,9024,4466,4558
 15 073 ,San Antonio la Isla,10321,5089,5232
 15 074 ,San Felipe del Progreso,177287,86078,91209
 15 075 ,San Martín de las Pirámides,19694,9816,9878
 15 076 ,San Mateo Atenco,59647,29325,30322
 15 077 ,San Simón de Guerrero,5436,2631,2805
 15 078 ,Santo Tomás,8592,4245,4347
 15 079 ,Soyaniquilpan de Juárez,10007,4991,5016
 15 080 ,Sultepec,27592,13404,14188
 15 081 ,Tecámac,172813,84819,87994
 15 082 ,Tejupilco,95032,46245,48787
 15 083 ,Temamatla,8840,4382,4458
 15 084 ,Temascalapa,29307,14629,14678
 15 085 ,Temascalcingo,61974,30019,31955
 15 086 ,Temascaltepec,31192,15464,15728
 15 087 ,Temoaya,69306,33727,35579
 15 088 ,Tenancingo,77531,37761,39770
 15 089 ,Tenango del Aire,8486,4167,4319
 15 090 ,Tenango del Valle,65119,31686,33433
 15 091 ,Teoloyucán,66556,33148,33408
 15 092 ,Teotihuacán,44653,22175,22478
 15 093 ,Tepetlaoxtoc,22729,11275,11454
 15 094 ,Tepetlixpa,16863,8334,8529
 15 095 ,Tepotzotlán,62280,30611,31669
 15 096 ,Tequixquiac,28067,13941,14126
 15 097 ,Texcaltitlán,16370,7913,8457
 15 098 ,Texcalyacac,3997,1966,2031
 15 099 ,Texcoco,204102,101635,102467
 15 100 ,Tezoyuca,18852,9374,9478
 15 101 ,Tianguistenco,58381,28512,29869
 15 102 ,Timilpan,14512,7091,7421
 15 103 ,Tlalmanalco,42507,20755,21752
 15 104 ,Tlalnepantla de Baz,721415,350158,371257
 15 105 ,Tlatlaya,36100,17480,18620
 15 106 ,Toluca,666596,321501,345095
 15 107 ,Tonatico,11502,5501,6001
 15 108 ,Tultepec,93277,45913,47364
 15 109 ,Tultitlán,432141,212408,219733
 15 110 ,Valle de Bravo,57375,28212,29163
 15 111 ,Villa de Allende,40164,19839,20325
 15 112 ,Villa del Carbón,37993,19023,18970
 15 113 ,Villa Guerrero,50829,24777,26052
 15 114 ,Villa Victoria,74043,36794,37249
 15 115 ,Xonacatlán,41402,20386,21016
 15 116 ,Zacazonapan,3797,1918,1879
 15 117 ,Zacualpan,16101,7669,8432
 15 118 ,Zinacantepec,121850,60118,61732
 15 119 ,Zumpahuacán,15372,7317,8055
 15 120 ,Zumpango,99774,49160,50614
 15 121 ,Cuautitlán Izcalli,453298,221708,231590
 15 122 ,Valle de Chalco Solidaridad,323461,160938,162523
#NAME?,Michoacán de Ocampo,3985667,1911078,2074589
 16 001 ,Acuitzio,9933,4701,5232
 16 002 ,Aguililla,19645,9776,9869
 16 003 ,Alvaro Obregón,19502,9052,10450
 16 004 ,Angamacutiro,15108,7056,8052
 16 005 ,Angangueo,10287,4939,5348
 16 006 ,Apatzingán,117949,57599,60350
 16 007 ,Aporo,2826,1356,1470
 16 008 ,Aquila,22152,11196,10956
 16 009 ,Ario,30584,14676,15908
 16 010 ,Arteaga,23386,11663,11723
 16 011 ,Briseñas,9641,4598,5043
 16 012 ,Buenavista,38188,18687,19501
 16 013 ,Carácuaro,10351,5143,5208
 16 014 ,Coahuayana,13974,7054,6920
 16 015 ,Coalcomán de Vázquez Pallares,21706,10759,10947
 16 016 ,Coeneo,23221,10378,12843
 16 017 ,Contepec,30107,14832,15275
 16 018 ,Copándaro,9151,4297,4854
 16 019 ,Cotija,21169,9930,11239
 16 020 ,Cuitzeo,26269,12347,13922
 16 021 ,Charapan,10898,5093,5805
 16 022 ,Charo,19169,9838,9331
 16 023 ,Chavinda,10968,5092,5876
 16 024 ,Cherán,16243,7619,8624
 16 025 ,Chilchota,30711,14593,16118
 16 026 ,Chinicuila,6870,3550,3320
 16 027 ,Chucándiro,7463,3380,4083
 16 028 ,Churintzio,7077,3145,3932
 16 029 ,Churumuco,14866,7321,7545
 16 030 ,Ecuandureo,14915,6607,8308
 16 031 ,Epitacio Huerta,15923,7742,8181
 16 032 ,Erongarícuaro,13161,6348,6813
 16 033 ,Gabriel Zamora,20015,9976,10039
 16 034 ,Hidalgo,106421,50844,55577
 16 035 ,La Huacana,34245,16834,17411
 16 036 ,Huandacareo,11808,5369,6439
 16 037 ,Huaniqueo,10153,4589,5564
 16 038 ,Huetamo,45441,21783,23658
 16 039 ,Huiramba,6711,3182,3529
 16 040 ,Indaparapeo,16341,7831,8510
 16 041 ,Irimbo,13260,6247,7013
 16 042 ,Ixtlán,14393,6790,7603
 16 043 ,Jacona,54130,25991,28139
 16 044 ,Jiménez,14430,6672,7758
 16 045 ,Jiquilpan,36389,16958,19431
 16 046 ,Juárez,11648,5649,5999
 16 047 ,Jungapeo,18586,9169,9417
 16 048 ,Lagunillas,5136,2448,2688
 16 049 ,Madero,16620,8124,8496
 16 050 ,Maravatío,69382,33233,36149
 16 051 ,Marcos Castellanos,11235,5282,5953
 16 052 ,Lázaro Cárdenas,171100,85912,85188
 16 053 ,Morelia,620532,296317,324215
 16 054 ,Morelos,10914,4959,5955
 16 055 ,Múgica,42877,21128,21749
 16 056 ,Nahuatzen,23221,11062,12159
 16 057 ,Nocupétaro,8724,4326,4398
 16 058 ,Nuevo Parangaricutiro,15280,7239,8041
 16 059 ,Nuevo Urecho,8821,4455,4366
 16 060 ,Numarán,9703,4565,5138
 16 061 ,Ocampo,18804,9319,9485
 16 062 ,Pajacuarán,19688,9157,10531
 16 063 ,Panindícuaro,18504,8530,9974
 16 064 ,Parácuaro,23868,11929,11939
 16 065 ,Paracho,31096,14414,16682
 16 066 ,Pátzcuaro,77872,36908,40964
 16 067 ,Penjamillo,20097,9028,11069
 16 068 ,Peribán,20256,9875,10381
 16 069 ,La Piedad,84946,39859,45087
 16 070 ,Purépero,15666,7386,8280
 16 071 ,Puruándiro,71770,32719,39051
 16 072 ,Queréndaro,13438,6459,6979
 16 073 ,Quiroga,23893,11327,12566
 16 074 ,Cojumatlán de Régules,9905,4677,5228
 16 075 ,Los Reyes,57006,27304,29702
 16 076 ,Sahuayo,60894,29080,31814
 16 077 ,San Lucas,19506,9422,10084
 16 078 ,Santa Ana Maya,13952,6425,7527
 16 079 ,Salvador Escalante,38331,18424,19907
 16 080 ,Senguio,17181,8317,8864
 16 081 ,Susupuato,9085,4453,4632
 16 082 ,Tacámbaro,59192,28790,30402
 16 083 ,Tancítaro,25670,12645,13025
 16 084 ,Tangamandapio,26245,12524,13721
 16 085 ,Tangancícuaro,32821,15542,17279
 16 086 ,Tanhuato,14413,6816,7597
 16 087 ,Taretan,13287,6486,6801
 16 088 ,Tarímbaro,39408,18818,20590
 16 089 ,Tepalcatepec,24135,11964,12171
 16 090 ,Tingambato,11742,5572,6170
 16 091 ,Ting¦indín,12833,5947,6886
 16 092 ,Tiquicheo de Nicolás Romero,16656,8152,8504
 16 093 ,Tlalpujahua,25392,12016,13376
 16 094 ,Tlazazalca,8830,4119,4711
 16 095 ,Tocumbo,11315,5434,5881
 16 096 ,Tumbiscatío,10153,5103,5050
 16 097 ,Turicato,36072,17445,18627
 16 098 ,Tuxpan,23959,11539,12420
 16 099 ,Tuzantla,18103,8880,9223
 16 100 ,Tzintzuntzan,12414,5747,6667
 16 101 ,Tzitzio,11124,5529,5595
 16 102 ,Uruapan,265699,128112,137587
 16 103 ,Venustiano Carranza,22512,10649,11863
 16 104 ,Villamar,20579,9567,11012
 16 105 ,Vista Hermosa,17687,8543,9144
 16 106 ,Yurécuaro,26691,12758,13933
 16 107 ,Zacapu,69700,33303,36397
 16 108 ,Zamora,161918,77379,84539
 16 109 ,Zináparo,4084,1847,2237
 16 110 ,Zinapécuaro,48917,23065,25852
 16 111 ,Ziracuaretiro,12879,6213,6666
 16 112 ,Zitácuaro,138050,66288,71762
 16 113 ,José Sixto Verduzco,26500,11973,14527
#NAME?,Morelos,1555296,750799,804497
 17 001 ,Amacuzac,16482,7954,8528
 17 002 ,Atlatlahucan,14708,7191,7517
 17 003 ,Axochiapan,30436,14699,15737
 17 004 ,Ayala,69381,33677,35704
 17 005 ,Coatlán del Río,9356,4523,4833
 17 006 ,Cuautla,153329,73124,80205
 17 007 ,Cuernavaca,338706,160759,177947
 17 008 ,Emiliano Zapata,57617,28250,29367
 17 009 ,Huitzilac,15184,7588,7596
 17 010 ,Jantetelco,13745,6654,7091
 17 011 ,Jiutepec,170589,82073,88516
 17 012 ,Jojutla,53351,25701,27650
 17 013 ,Jonacatepec,13623,6550,7073
 17 014 ,Mazatepec,8821,4264,4557
 17 015 ,Miacatlán,23984,11754,12230
 17 016 ,Ocuituco,15090,7421,7669
 17 017 ,Puente de Ixtla,54149,26416,27733
 17 018 ,Temixco,92850,44990,47860
 17 019 ,Tepalcingo,24133,11762,12371
 17 020 ,Tepoztlán,32921,16155,16766
 17 021 ,Tetecala,6917,3422,3495
 17 022 ,Tetela del Volcán,16428,8019,8409
 17 023 ,Tlalnepantla,5626,2791,2835
 17 024 ,Tlaltizapán,45272,22004,23268
 17 025 ,Tlaquiltenango,30017,14704,15313
 17 026 ,Tlayacapan,13851,6893,6958
 17 027 ,Totolapan,8742,4325,4417
 17 028 ,Xochitepec,45643,22476,23167
 17 029 ,Yautepec,84405,41000,43405
 17 030 ,Yecapixtla,36582,18028,18554
 17 031 ,Zacatepec de Hidalgo,33331,15898,17433
 17 032 ,Zacualpan de Amilpas,7962,3883,4079
 17 033 ,Temoac,12065,5851,6214
#NAME?,Nayarit,920185,456105,464080
 18 001 ,Acaponeta,36512,18222,18290
 18 002 ,Ahuacatlán,15371,7638,7733
 18 003 ,Amatlán de Cañas,12088,6124,5964
 18 004 ,Compostela,65943,32724,33219
 18 005 ,Huajicori,10294,5210,5084
 18 006 ,Ixtlán del Río,25382,12214,13168
 18 007 ,Jala,16171,7913,8258
 18 008 ,Xalisco,37664,18470,19194
 18 009 ,Del Nayar,26649,13194,13455
 18 010 ,Rosamorada,34683,17478,17205
 18 011 ,Ruíz,21722,11007,10715
 18 012 ,San Blas,42762,22274,20488
 18 013 ,San Pedro Lagunillas,7753,3920,3833
 18 014 ,Santa María del Oro,20849,10563,10286
 18 015 ,Santiago Ixcuintla,94979,47868,47111
 18 016 ,Tecuala,42237,21313,20924
 18 017 ,Tepic,305176,147545,157631
 18 018 ,Tuxpan,31202,15463,15739
 18 019 ,La Yesca,12940,6484,6456
 18 020 ,Bahía de Banderas,59808,30481,29327
#NAME?,Nuevo León,3834141,1907939,1926202
 19 001 ,Abasolo,2514,1288,1226
 19 002 ,Agualeguas,4390,2228,2162
 19 003 ,Los Aldamas,2464,1256,1208
 19 004 ,Allende,27773,14081,13692
 19 005 ,Anáhuac,18524,9328,9196
 19 006 ,Apodaca,283497,143349,140148
 19 007 ,Aramberri,14840,7641,7199
 19 008 ,Bustamante,3499,1749,1750
 19 009 ,Cadereyta Jiménez,75059,39857,35202
 19 010 ,Carmen,6644,3354,3290
 19 011 ,Cerralvo,9343,4731,4612
 19 012 ,Ciénega de Flores,11204,5735,5469
 19 013 ,China,11540,5877,5663
 19 014 ,Dr. Arroyo,33721,16878,16843
 19 015 ,Dr.  Coss,2246,1149,1097
 19 016 ,Dr. González,3185,1631,1554
 19 017 ,Galeana,39519,20094,19425
 19 018 ,García,28974,14700,14274
 19 019 ,San Pedro Garza García,125978,58380,67598
 19 020 ,Gral. Bravo,5799,3058,2741
 19 021 ,Gral.  Escobedo,233457,117713,115744
 19 022 ,Gral.  Terán,15475,7730,7745
 19 023 ,Gral.  Treviño,1699,869,830
 19 024 ,Gral.  Zaragoza,5576,2907,2669
 19 025 ,Gral.  Zuazua,6033,3069,2964
 19 026 ,Guadalupe,670162,332973,337189
 19 027 ,Los Herreras,2795,1420,1375
 19 028 ,Higueras,1371,703,668
 19 029 ,Hualahuises,6413,3107,3306
 19 030 ,Iturbide,3484,1742,1742
 19 031 ,Juárez,66497,33670,32827
 19 032 ,Lampazos de Naranjo,5305,2686,2619
 19 033 ,Linares,69205,34160,35045
 19 034 ,Marín,4719,2430,2289
 19 035 ,Melchor Ocampo,1215,631,584
 19 036 ,Mier y Noriega,7078,3556,3522
 19 037 ,Mina,5049,2600,2449
 19 038 ,Montemorelos,52741,26286,26455
 19 039 ,Monterrey,1110997,547618,563379
 19 040 ,Parás,1226,646,580
 19 041 ,Pesquería,11321,5850,5471
 19 042 ,Los Ramones,6237,3134,3103
 19 043 ,Rayones,2613,1359,1254
 19 044 ,Sabinas Hidalgo,32329,16034,16295
 19 045 ,Salinas Victoria,19024,9849,9175
 19 046 ,San Nicolás de los Garza,496878,246483,250395
 19 047 ,Hidalgo,14275,7105,7170
 19 048 ,Santa Catarina,227026,113481,113545
 19 049 ,Santiago,36812,18524,18288
 19 050 ,Vallecillo,2169,1126,1043
 19 051 ,Villaldama,4247,2114,2133
#NAME?,Oaxaca,3438765,1657406,1781359
 20 001 ,Abejones,1540,760,780
 20 002 ,Acatlán de Pérez Figueroa,44579,22191,22388
 20 003 ,Asunción Cacalotepec,2567,1237,1330
 20 004 ,Asunción Cuyotepeji,883,409,474
 20 005 ,Asunción Ixtaltepec,14249,7065,7184
 20 006 ,Asunción Nochixtlán,13745,6440,7305
 20 007 ,Asunción Ocotlán,3655,1654,2001
 20 008 ,Asunción Tlacolulita,918,449,469
 20 009 ,Ayotzintepec,5660,2844,2816
 20 010 ,El Barrio de la Soledad,13186,6477,6709
 20 011 ,Calihualá,1317,631,686
 20 012 ,Candelaria Loxicha,9566,4744,4822
 20 013 ,Ciénega de Zimatlán,2942,1351,1591
 20 014 ,Ciudad Ixtepec,22675,10872,11803
 20 015 ,Coatecas Altas,5803,2871,2932
 20 016 ,Coicoyán de las Flores,5733,2772,2961
 20 017 ,La Compañía,3998,1912,2086
 20 018 ,Concepción Buenavista,946,458,488
 20 019 ,Concepción Pápalo,3077,1567,1510
 20 020 ,Constancia del Rosario,3295,1548,1747
 20 021 ,Cosolapa,14467,7116,7351
 20 022 ,Cosoltepec,931,431,500
 20 023 ,Cuilápam de Guerrero,12812,6173,6639
 20 024 ,Cuyamecalco Villa de Zaragoza,4298,2141,2157
 20 025 ,Chahuites,9799,4833,4966
 20 026 ,Chalcatongo de Hidalgo,7828,3607,4221
 20 027 ,Chiquihuitlán de Benito Juárez,2501,1155,1346
 20 028 ,Heroica Ciudad de Ejutla de Crespo,17573,8170,9403
 20 029 ,Eloxochitlán de Flores Magón,4149,1993,2156
 20 030 ,El Espinal,7705,3763,3942
 20 031 ,Tamazulapam del Espíritu Santo,6704,3138,3566
 20 032 ,Fresnillo de Trujano,1138,527,611
 20 033 ,Guadalupe Etla,2004,922,1082
 20 034 ,Guadalupe de Ramírez,1400,647,753
 20 035 ,Guelatao de Juárez,754,414,340
 20 036 ,Guevea de Humboldt,5610,2851,2759
 20 037 ,Mesones Hidalgo,4185,1982,2203
 20 038 ,Villa Hidalgo,2132,995,1137
 20 039 ,Heroica Ciudad de Huajuapan de León,53219,24808,28411
 20 040 ,Huautepec,6567,3162,3405
 20 041 ,Huautla de Jiménez,31040,14624,16416
 20 042 ,Ixtlán de Juárez,7287,3615,3672
 20 043 ,Juchitán de Zaragoza,78512,38052,40460
 20 044 ,Loma Bonita,40877,19493,21384
 20 045 ,Magdalena Apasco,3942,1951,1991
 20 046 ,Magdalena Jaltepec,3717,1786,1931
 20 047 ,Santa Magdalena Jicotlán,109,48,61
 20 048 ,Magdalena Mixtepec,946,470,476
 20 049 ,Magdalena Ocotlán,1029,473,556
 20 050 ,Magdalena Peñasco,3473,1644,1829
 20 051 ,Magdalena Teitipac,3604,1728,1876
 20 052 ,Magdalena Tequisistlán,6011,3016,2995
 20 053 ,Magdalena Tlacotepec,1116,523,593
 20 054 ,Magdalena Zahuatlán,434,208,226
 20 055 ,Mariscala de Juárez,3383,1622,1761
 20 056 ,Mártires de Tacubaya,1275,624,651
 20 057 ,Matías Romero Avendaño,40709,19594,21115
 20 058 ,Mazatlán Villa de Flores,13947,7088,6859
 20 059 ,Miahuatlán de Porfirio Díaz,32555,15574,16981
 20 060 ,Mixistlán de la Reforma,2666,1274,1392
 20 061 ,Monjas,2392,1117,1275
 20 062 ,Natividad,579,254,325
 20 063 ,Nazareno Etla,3368,1604,1764
 20 064 ,Nejapa de Madero,7607,3759,3848
 20 065 ,Ixpantepec Nieves,1835,818,1017
 20 066 ,Santiago Niltepec,5308,2668,2640
 20 067 ,Oaxaca de Juárez,256130,119439,136691
 20 068 ,Ocotlán de Morelos,18183,8590,9593
 20 069 ,La Pe,2032,962,1070
 20 070 ,Pinotepa de Don Luis,6226,3079,3147
 20 071 ,Pluma Hidalgo,3828,1927,1901
 20 072 ,San José del Progreso,5661,2714,2947
 20 073 ,Putla Villa de Guerrero,26406,12380,14026
 20 074 ,Santa Catarina Quioquitani,424,218,206
 20 075 ,Reforma de Pineda,2675,1326,1349
 20 076 ,La Reforma,3548,1695,1853
 20 077 ,Reyes Etla,2423,1174,1249
 20 078 ,Rojas de Cuauhtémoc,1061,512,549
 20 079 ,Salina Cruz,76452,36897,39555
 20 080 ,San Agustín Amatengo,1796,835,961
 20 081 ,San Agustín Atenango,2318,1024,1294
 20 082 ,San Agustín Chayuco,4594,2256,2338
 20 083 ,San Agustín de las Juntas,4970,2404,2566
 20 084 ,San Agustín Etla,3206,1562,1644
 20 085 ,San Agustín Loxicha,22495,11143,11352
 20 086 ,San Agustín Tlacotepec,751,337,414
 20 087 ,San Agustín Yatareni,3400,1548,1852
 20 088 ,San Andrés Cabecera Nueva,3100,1506,1594
 20 089 ,San Andrés Dinicuiti,2136,1036,1100
 20 090 ,San Andrés Huaxpaltepec,5638,2734,2904
 20 091 ,San Andrés Huayapam,3909,1854,2055
 20 092 ,San Andrés Ixtlahuaca,1377,633,744
 20 093 ,San Andrés Lagunas,563,270,293
 20 094 ,San Andrés Nuxiño,2067,1014,1053
 20 095 ,San Andrés Paxtlán,3723,1833,1890
 20 096 ,San Andrés Sinaxtla,677,322,355
 20 097 ,San Andrés Solaga,1678,807,871
 20 098 ,San Andrés Teotilalpam,4295,2126,2169
 20 099 ,San Andrés Tepetlapa,548,259,289
 20 100 ,San Andrés Yaá,537,245,292
 20 101 ,San Andrés Zabache,916,426,490
 20 102 ,San Andrés Zautla,3074,1502,1572
 20 103 ,San Antonino Castillo Velasco,4809,2304,2505
 20 104 ,San Antonino el Alto,1929,947,982
 20 105 ,San Antonino Monte Verde,6200,2919,3281
 20 106 ,San Antonio Acutla,339,149,190
 20 107 ,San Antonio de la Cal,15261,7295,7966
 20 108 ,San Antonio Huitepec,4315,1964,2351
 20 109 ,San Antonio Nanahuatípam,1313,650,663
 20 110 ,San Antonio Sinicahua,1362,607,755
 20 111 ,San Antonio Tepetlapa,3818,1872,1946
 20 112 ,San Baltazar Chichicápam,2881,1405,1476
 20 113 ,San Baltazar Loxicha,2873,1389,1484
 20 114 ,San Baltazar Yatzachi el Bajo,788,373,415
 20 115 ,San Bartolo Coyotepec,4740,2382,2358
 20 116 ,San Bartolomé Ayautla,3833,1865,1968
 20 117 ,San Bartolomé Loxicha,2512,1231,1281
 20 118 ,San Bartolomé Quialana,2731,1195,1536
 20 119 ,San Bartolomé Yucuañe,523,233,290
 20 120 ,San Bartolomé Zoogocho,638,353,285
 20 121 ,San Bartolo Soyaltepec,827,367,460
 20 122 ,San Bartolo Yautepec,752,386,366
 20 123 ,San Bernardo Mixtepec,2727,1287,1440
 20 124 ,San Blas Atempa,15886,7878,8008
 20 125 ,San Carlos Yautepec,10882,5401,5481
 20 126 ,San Cristóbal Amatlán,4236,1978,2258
 20 127 ,San Cristóbal Amoltepec,1180,571,609
 20 128 ,San Cristóbal Lachirioag,1252,589,663
 20 129 ,San Cristóbal Suchixtlahuaca,344,160,184
 20 130 ,San Dionisio del Mar,4931,2480,2451
 20 131 ,San Dionisio Ocotepec,9788,4640,5148
 20 132 ,San Dionisio Ocotlán,1043,490,553
 20 133 ,San Esteban Atatlahuca,3408,1647,1761
 20 134 ,San Felipe Jalapa de Díaz,23238,11311,11927
 20 135 ,San Felipe Tejalapam,6150,2992,3158
 20 136 ,San Felipe Usila,11680,5645,6035
 20 137 ,San Francisco Cahuacuá,3324,1645,1679
 20 138 ,San Francisco Cajonos,472,213,259
 20 139 ,San Francisco Chapulapa,1914,936,978
 20 140 ,San Francisco Chindúa,783,400,383
 20 141 ,San Francisco del Mar,5782,3029,2753
 20 142 ,San Francisco Huehuetlán,1379,644,735
 20 143 ,San Francisco Ixhuatán,9318,4627,4691
 20 144 ,San Francisco Jaltepetongo,1184,568,616
 20 145 ,San Francisco Lachigoló,1789,864,925
 20 146 ,San Francisco Logueche,1868,925,943
 20 147 ,San Francisco Nuxaño,413,209,204
 20 148 ,San Francisco Ozolotepec,1991,1003,988
 20 149 ,San Francisco Sola,1250,595,655
 20 150 ,San Francisco Telixtlahuaca,9694,4653,5041
 20 151 ,San Francisco Teopan,452,224,228
 20 152 ,San Francisco Tlapancingo,2064,970,1094
 20 153 ,San Gabriel Mixtepec,3959,1918,2041
 20 154 ,San Ildefonso Amatlán,1938,931,1007
 20 155 ,San Ildefonso Sola,849,420,429
 20 156 ,San Ildefonso Villa Alta,3294,1567,1727
 20 157 ,San Jacinto Amilpas,8343,3963,4380
 20 158 ,San Jacinto Tlacotepec,2355,1163,1192
 20 159 ,San Jerónimo Coatlán,5227,2562,2665
 20 160 ,San Jerónimo Silacayoapilla,1895,925,970
 20 161 ,San Jerónimo Sosola,2717,1287,1430
 20 162 ,San Jerónimo Taviche,1529,727,802
 20 163 ,San Jerónimo Tecoátl,1702,793,909
 20 164 ,San Jorge Nuchita,3353,1556,1797
 20 165 ,San José Ayuquila,1271,602,669
 20 166 ,San José Chiltepec,9867,4831,5036
 20 167 ,San José del Peñasco,1892,950,942
 20 168 ,San José Estancia Grande,916,436,480
 20 169 ,San José Independencia,4538,2219,2319
 20 170 ,San José Lachiguiri,3151,1483,1668
 20 171 ,San José Tenango,19969,9839,10130
 20 172 ,San Juan Achiutla,531,253,278
 20 173 ,San Juan Atepec,1572,764,808
 20 174 ,Animas Trujano,2887,1360,1527
 20 175 ,San Juan Bautista Atatlahuca,1775,875,900
 20 176 ,San Juan Bautista Coixtlahuaca,3223,1578,1645
 20 177 ,San Juan Bautista Cuicatlán,9298,4518,4780
 20 178 ,San Juan Bautista Guelache,3499,1661,1838
 20 179 ,San Juan Bautista Jayacatlán,1236,630,606
 20 180 ,San Juan Bautista Lo de Soto,2286,1154,1132
 20 181 ,San Juan Bautista Suchitepec,442,214,228
 20 182 ,San Juan Bautista Tlacoatzintepec,2242,1091,1151
 20 183 ,San Juan Bautista Tlachichilco,1511,709,802
 20 184 ,San Juan Bautista Tuxtepec,133913,64631,69282
 20 185 ,San Juan Cacahuatepec,7514,3607,3907
 20 186 ,San Juan Cieneguilla,666,311,355
 20 187 ,San Juan Coatzóspam,2479,1233,1246
 20 188 ,San Juan Colorado,8656,4236,4420
 20 189 ,San Juan Comaltepec,2338,1149,1189
 20 190 ,San Juan Cotzocón,21679,10641,11038
 20 191 ,San Juan Chicomezúchil,374,168,206
 20 192 ,San Juan Chilateca,1338,620,718
 20 193 ,San Juan del Estado,2285,1079,1206
 20 194 ,San Juan del Río,1350,610,740
 20 195 ,San Juan Diuxi,1468,720,748
 20 196 ,San Juan Evangelista Analco,422,198,224
 20 197 ,San Juan Guelavía,2914,1408,1506
 20 198 ,San Juan Guichicovi,27399,12988,14411
 20 199 ,San Juan Ihualtepec,849,407,442
 20 200 ,San Juan Juquila Mixes,3588,1698,1890
 20 201 ,San Juan Juquila Vijanos,1830,884,946
 20 202 ,San Juan Lachao,4302,2140,2162
 20 203 ,San Juan Lachigalla,3198,1550,1648
 20 204 ,San Juan Lajarcia,675,309,366
 20 205 ,San Juan Lalana,16775,8304,8471
 20 206 ,San Juan de los Cués,2466,1245,1221
 20 207 ,San Juan Mazatlán,17090,8640,8450
 20 208 ,San Juan Mixtepec - Distr. 08 -,9543,4376,5167
 20 209 ,San Juan Mixtepec - Distr. 26 -,932,406,526
 20 210 ,San Juan ðumí,6750,3209,3541
 20 211 ,San Juan Ozolotepec,3125,1541,1584
 20 212 ,San Juan Petlapa,2551,1244,1307
 20 213 ,San Juan Quiahije,3889,1824,2065
 20 214 ,San Juan Quiotepec,2486,1254,1232
 20 215 ,San Juan Sayultepec,665,321,344
 20 216 ,San Juan Tabaá,1150,544,606
 20 217 ,San Juan Tamazola,3454,1675,1779
 20 218 ,San Juan Teita,572,274,298
 20 219 ,San Juan Teitipac,2817,1312,1505
 20 220 ,San Juan Tepeuxila,2974,1532,1442
 20 221 ,San Juan Teposcolula,1448,690,758
 20 222 ,San Juan Yaeé,1605,738,867
 20 223 ,San Juan Yatzona,496,219,277
 20 224 ,San Juan Yucuita,720,335,385
 20 225 ,San Lorenzo,5380,2613,2767
 20 226 ,San Lorenzo Albarradas,2587,1275,1312
 20 227 ,San Lorenzo Cacaotepec,9965,4803,5162
 20 228 ,San Lorenzo Cuaunecuiltitla,737,376,361
 20 229 ,San Lorenzo Texmelucan,5676,2698,2978
 20 230 ,San Lorenzo Victoria,1202,553,649
 20 231 ,San Lucas Camotlán,3144,1591,1553
 20 232 ,San Lucas Ojitlán,20118,9733,10385
 20 233 ,San Lucas Quiaviní,1941,845,1096
 20 234 ,San Lucas Zoquiápam,7227,3526,3701
 20 235 ,San Luis Amatlán,3618,1631,1987
 20 236 ,San Marcial Ozolotepec,1741,854,887
 20 237 ,San Marcos Arteaga,2303,1085,1218
 20 238 ,San Martín de los Cansecos,757,388,369
 20 239 ,San Martín Huamelúlpam,1078,484,594
 20 240 ,San Martín Itunyoso,2614,1170,1444
 20 241 ,San Martín Lachilá,1200,558,642
 20 242 ,San Martín Peras,8877,4340,4537
 20 243 ,San Martín Tilcajete,1776,844,932
 20 244 ,San Martín Toxpalan,3254,1625,1629
 20 245 ,San Martín Zacatepec,1370,618,752
 20 246 ,San Mateo Cajonos,642,284,358
 20 247 ,Capulálpam de Méndez,1391,625,766
 20 248 ,San Mateo del Mar,10657,5442,5215
 20 249 ,San Mateo Yoloxochitlán,2913,1424,1489
 20 250 ,San Mateo Etlatongo,1108,526,582
 20 251 ,San Mateo Nejápam,1150,529,621
 20 252 ,San Mateo Peñasco,1838,839,999
 20 253 ,San Mateo Piñas,4148,2122,2026
 20 254 ,San Mateo Río Hondo,3495,1714,1781
 20 255 ,San Mateo Sindihui,1945,932,1013
 20 256 ,San Mateo Tlapiltepec,250,131,119
 20 257 ,San Melchor Betaza,1122,531,591
 20 258 ,San Miguel Achiutla,880,433,447
 20 259 ,San Miguel Ahuehuetitlán,2261,1104,1157
 20 260 ,San Miguel Aloápam,2621,1231,1390
 20 261 ,San Miguel Amatitlán,6143,3006,3137
 20 262 ,San Miguel Amatlán,1089,540,549
 20 263 ,San Miguel Coatlán,3134,1553,1581
 20 264 ,San Miguel Chicahua,2276,987,1289
 20 265 ,San Miguel Chimalapa,5947,2965,2982
 20 266 ,San Miguel del Puerto,8584,4324,4260
 20 267 ,San Miguel del Río,307,146,161
 20 268 ,San Miguel Ejutla,884,406,478
 20 269 ,San Miguel el Grande,3635,1652,1983
 20 270 ,San Miguel Huautla,1703,800,903
 20 271 ,San Miguel Mixtepec,2097,990,1107
 20 272 ,San Miguel Panixtlahuaca,6705,3250,3455
 20 273 ,San Miguel Peras,3205,1550,1655
 20 274 ,San Miguel Piedras,1193,568,625
 20 275 ,San Miguel Quetzaltepec,5332,2669,2663
 20 276 ,San Miguel Santa Flor,874,436,438
 20 277 ,Villa Sola de Vega,12668,6140,6528
 20 278 ,San Miguel Soyaltepec,36036,17771,18265
 20 279 ,San Miguel Suchixtepec,2617,1292,1325
 20 280 ,Villa Talea de Castro,2673,1289,1384
 20 281 ,San Miguel Tecomatlán,268,125,143
 20 282 ,San Miguel Tenango,821,426,395
 20 283 ,San Miguel Tequixtepec,1038,540,498
 20 284 ,San Miguel Tilquiápam,3160,1509,1651
 20 285 ,San Miguel Tlacamama,3115,1541,1574
 20 286 ,San Miguel Tlacotepec,3525,1630,1895
 20 287 ,San Miguel Tulancingo,432,186,246
 20 288 ,San Miguel Yotao,601,304,297
 20 289 ,San Nicolás,1131,509,622
 20 290 ,San Nicolás Hidalgo,991,479,512
 20 291 ,San Pablo Coatlán,4069,1978,2091
 20 292 ,San Pablo Cuatro Venados,1294,606,688
 20 293 ,San Pablo Etla,7103,3539,3564
 20 294 ,San Pablo Huitzo,5071,2395,2676
 20 295 ,San Pablo Huixtepec,8470,4026,4444
 20 296 ,San Pablo Macuiltianguis,1135,542,593
 20 297 ,San Pablo Tijaltepec,2489,1120,1369
 20 298 ,San Pablo Villa de Mitla,10477,4938,5539
 20 299 ,San Pablo Yaganiza,1074,508,566
 20 300 ,San Pedro Amuzgos,5334,2524,2810
 20 301 ,San Pedro Apóstol,1471,682,789
 20 302 ,San Pedro Atoyac,3765,1824,1941
 20 303 ,San Pedro Cajonos,1204,522,682
 20 304 ,San Pedro Coxcaltepec Cántaros,1050,529,521
 20 305 ,San Pedro Comitancillo,3634,1715,1919
 20 306 ,San Pedro el Alto,4735,2379,2356
 20 307 ,San Pedro Huamelula,9862,5015,4847
 20 308 ,San Pedro Huilotepec,2588,1294,1294
 20 309 ,San Pedro Ixcatlán,10854,5388,5466
 20 310 ,San Pedro Ixtlahuaca,3604,1758,1846
 20 311 ,San Pedro Jaltepetongo,677,314,363
 20 312 ,San Pedro Jicayán,9770,4895,4875
 20 313 ,San Pedro Jocotipac,1010,480,530
 20 314 ,San Pedro Juchatengo,1548,749,799
 20 315 ,San Pedro Mártir,1903,863,1040
 20 316 ,San Pedro Mártir Quiechapa,821,403,418
 20 317 ,San Pedro Mártir Yucuxaco,1555,736,819
 20 318 ,San Pedro Mixtepec - Distr. 22 -,32471,15814,16657
 20 319 ,San Pedro Mixtepec - Distr. 26 -,1244,584,660
 20 320 ,San Pedro Molinos,653,293,360
 20 321 ,San Pedro Nopala,926,428,498
 20 322 ,San Pedro Ocopetatillo,877,420,457
 20 323 ,San Pedro Ocotepec,1780,897,883
 20 324 ,San Pedro Pochutla,36982,18592,18390
 20 325 ,San Pedro Quiatoni,9570,4597,4973
 20 326 ,San Pedro Sochiapam,4535,2232,2303
 20 327 ,San Pedro Tapanatepec,13377,6706,6671
 20 328 ,San Pedro Taviche,1052,535,517
 20 329 ,San Pedro Teozacoalco,1428,686,742
 20 330 ,San Pedro Teutila,4173,2069,2104
 20 331 ,San Pedro Tidaá,850,410,440
 20 332 ,San Pedro Topiltepec,420,203,217
 20 333 ,San Pedro Totolapa,2684,1281,1403
 20 334 ,Villa de Tututepec de Melchor Ocampo,42645,20954,21691
 20 335 ,San Pedro Yaneri,991,492,499
 20 336 ,San Pedro Yólox,2546,1208,1338
 20 337 ,San Pedro y San Pablo Ayutla,5504,2600,2904
 20 338 ,Villa de Etla,7819,3803,4016
 20 339 ,San Pedro y San Pablo Teposcolula,3486,1670,1816
 20 340 ,San Pedro y San Pablo Tequixtepec,2061,918,1143
 20 341 ,San Pedro Yucunama,246,108,138
 20 342 ,San Raymundo Jalpan,1584,722,862
 20 343 ,San Sebastián Abasolo,2029,969,1060
 20 344 ,San Sebastián Coatlán,2366,1136,1230
 20 345 ,San Sebastián Ixcapa,3722,1824,1898
 20 346 ,San Sebastián Nicananduta,1633,724,909
 20 347 ,San Sebastián Río Hondo,3288,1605,1683
 20 348 ,San Sebastián Tecomaxtlahuaca,8671,4071,4600
 20 349 ,San Sebastián Teitipac,2062,938,1124
 20 350 ,San Sebastián Tutla,15690,7301,8389
 20 351 ,San Simón Almolongas,2470,1140,1330
 20 352 ,San Simón Zahuatlán,2225,1156,1069
 20 353 ,Santa Ana,1867,892,975
 20 354 ,Santa Ana Ateixtlahuaca,524,254,270
 20 355 ,Santa Ana Cuauhtémoc,864,425,439
 20 356 ,Santa Ana del Valle,2140,986,1154
 20 357 ,Santa Ana Tavela,993,492,501
 20 358 ,Santa Ana Tlapacoyan,1990,889,1101
 20 359 ,Santa Ana Yareni,1149,503,646
 20 360 ,Santa Ana Zegache,3415,1586,1829
 20 361 ,Santa Catalina Quierí,977,471,506
 20 362 ,Santa Catarina Cuixtla,1545,691,854
 20 363 ,Santa Catarina Ixtepeji,2532,1265,1267
 20 364 ,Santa Catarina Juquila,14036,6875,7161
 20 365 ,Santa Catarina Lachatao,1542,772,770
 20 366 ,Santa Catarina Loxicha,4440,2217,2223
 20 367 ,Santa Catarina Mechoacán,4230,2099,2131
 20 368 ,Santa Catarina Minas,1604,787,817
 20 369 ,Santa Catarina Quiané,1758,795,963
 20 370 ,Santa Catarina Tayata,725,347,378
 20 371 ,Santa Catarina Ticuá,858,379,479
 20 372 ,Santa Catarina Yosonotú,1848,813,1035
 20 373 ,Santa Catarina Zapoquila,573,298,275
 20 374 ,Santa Cruz Acatepec,1263,624,639
 20 375 ,Santa Cruz Amilpas,6457,3014,3443
 20 376 ,Santa Cruz de Bravo,410,196,214
 20 377 ,Santa Cruz Itundujia,10688,5177,5511
 20 378 ,Santa Cruz Mixtepec,3311,1593,1718
 20 379 ,Santa Cruz Nundaco,2672,1245,1427
 20 380 ,Santa Cruz Papalutla,1833,890,943
 20 381 ,Santa Cruz Tacache de Mina,2625,1251,1374
 20 382 ,Santa Cruz Tacahua,1158,547,611
 20 383 ,Santa Cruz Tayata,567,271,296
 20 384 ,Santa Cruz Xitla,4061,1919,2142
 20 385 ,Santa Cruz Xoxocotlán,52806,25079,27727
 20 386 ,Santa Cruz Zenzontepec,15054,7537,7517
 20 387 ,Santa Gertrudis,3549,1646,1903
 20 388 ,Santa Inés del Monte,2212,1077,1135
 20 389 ,Santa Inés Yatzeche,1177,496,681
 20 390 ,Santa Lucía del Camino,44364,21574,22790
 20 391 ,Santa Lucía Miahuatlán,2808,1393,1415
 20 392 ,Santa Lucía Monteverde,6663,3156,3507
 20 393 ,Santa Lucía Ocotlán,3455,1664,1791
 20 394 ,Santa María Alotepec,2660,1297,1363
 20 395 ,Santa María Apazco,2531,1215,1316
 20 396 ,Santa María la Asunción,3329,1531,1798
 20 397 ,Heroica Ciudad de Tlaxiaco,29026,13712,15314
 20 398 ,Ayoquezco de Aldama,5597,2666,2931
 20 399 ,Santa María Atzompa,15749,7533,8216
 20 400 ,Santa María Camotlán,1562,744,818
 20 401 ,Santa María Colotepec,18120,9032,9088
 20 402 ,Santa María Cortijo,1016,487,529
 20 403 ,Santa María Coyotepec,1658,815,843
 20 404 ,Santa María Chachoápam,808,379,429
 20 405 ,Villa de Chilapa de Díaz,1711,735,976
 20 406 ,Santa María Chilchotla,21436,10765,10671
 20 407 ,Santa María Chimalapa,7106,3607,3499
 20 408 ,Santa María del Rosario,414,209,205
 20 409 ,Santa María del Tule,7272,3325,3947
 20 410 ,Santa María Ecatepec,3369,1696,1673
 20 411 ,Santa María Guelacé,759,345,414
 20 412 ,Santa María Guienagati,3021,1519,1502
 20 413 ,Santa María Huatulco,28327,13941,14386
 20 414 ,Santa María Huazolotitlán,10118,4944,5174
 20 415 ,Santa María Ipalapa,4910,2372,2538
 20 416 ,Santa María Ixcatlán,594,286,308
 20 417 ,Santa María Jacatepec,9783,4778,5005
 20 418 ,Santa María Jalapa del Marqués,10491,4955,5536
 20 419 ,Santa María Jaltianguis,598,277,321
 20 420 ,Santa María Lachixío,1070,507,563
 20 421 ,Santa María Mixtequilla,4041,1973,2068
 20 422 ,Santa María Nativitas,770,358,412
 20 423 ,Santa María Nduayaco,606,305,301
 20 424 ,Santa María Ozolotepec,4156,2028,2128
 20 425 ,Santa María Pápalo,2081,1029,1052
 20 426 ,Santa María Peñoles,6914,3348,3566
 20 427 ,Santa María Petapa,13648,6607,7041
 20 428 ,Santa María Quiegolani,1506,759,747
 20 429 ,Santa María Sola,1675,835,840
 20 430 ,Santa María Tataltepec,272,124,148
 20 431 ,Santa María Tecomavaca,1831,892,939
 20 432 ,Santa María Temaxcalapa,958,453,505
 20 433 ,Santa María Temaxcaltepec,2219,1102,1117
 20 434 ,Santa María Teopoxco,4843,2353,2490
 20 435 ,Santa María Tepantlali,2752,1354,1398
 20 436 ,Santa María Texcatitlán,1204,590,614
 20 437 ,Santa María Tlahuitoltepec,8406,4096,4310
 20 438 ,Santa María Tlalixtac,1562,791,771
 20 439 ,Santa María Tonameca,20228,10053,10175
 20 440 ,Santa María Totolapilla,1016,491,525
 20 441 ,Santa María Xadani,5698,2770,2928
 20 442 ,Santa María Yalina,378,176,202
 20 443 ,Santa María Yavesía,460,217,243
 20 444 ,Santa María Yolotepec,469,228,241
 20 445 ,Santa María Yosoyúa,1223,551,672
 20 446 ,Santa María Yucuhiti,6565,3122,3443
 20 447 ,Santa María Zacatepec,15417,7358,8059
 20 448 ,Santa María Zaniza,1633,813,820
 20 449 ,Santa María Zoquitlán,3449,1659,1790
 20 450 ,Santiago Amoltepec,9537,4675,4862
 20 451 ,Santiago Apoala,1365,662,703
 20 452 ,Santiago Apóstol,4636,2104,2532
 20 453 ,Santiago Astata,2577,1301,1276
 20 454 ,Santiago Atitlán,2754,1385,1369
 20 455 ,Santiago Ayuquililla,2404,1084,1320
 20 456 ,Santiago Cacaloxtepec,1341,645,696
 20 457 ,Santiago Camotlán,3058,1509,1549
 20 458 ,Santiago Comaltepec,1544,721,823
 20 459 ,Santiago Chazumba,4314,2000,2314
 20 460 ,Santiago Choapam,4837,2305,2532
 20 461 ,Santiago del Río,725,358,367
 20 462 ,Santiago Huajolotitlán,3988,1822,2166
 20 463 ,Santiago Huauclilla,933,461,472
 20 464 ,Santiago Ihuitlán Plumas,601,280,321
 20 465 ,Santiago Ixcuintepec,1200,589,611
 20 466 ,Santiago Ixtayutla,10675,5261,5414
 20 467 ,Santiago Jamiltepec,17922,8751,9171
 20 468 ,Santiago Jocotepec,12682,6192,6490
 20 469 ,Santiago Juxtlahuaca,28118,13178,14940
 20 470 ,Santiago Lachiguiri,6336,3156,3180
 20 471 ,Santiago Lalopa,520,249,271
 20 472 ,Santiago Laollaga,2788,1381,1407
 20 473 ,Santiago Laxopa,1432,691,741
 20 474 ,Santiago Llano Grande,3291,1574,1717
 20 475 ,Santiago Matatlán,8759,4058,4701
 20 476 ,Santiago Miltepec,397,183,214
 20 477 ,Santiago Minas,1674,836,838
 20 478 ,Santiago Nacaltepec,2422,1180,1242
 20 479 ,Santiago Nejapilla,266,142,124
 20 480 ,Santiago Nundiche,1028,507,521
 20 481 ,Santiago Nuyoó,2876,1357,1519
 20 482 ,Santiago Pinotepa Nacional,44193,21627,22566
 20 483 ,Santiago Suchilquitongo,7937,3819,4118
 20 484 ,Santiago Tamazola,4469,2071,2398
 20 485 ,Santiago Tapextla,3234,1651,1583
 20 486 ,Villa Tejúpam de la Unión,2306,1108,1198
 20 487 ,Santiago Tenango,1721,869,852
 20 488 ,Santiago Tepetlapa,140,69,71
 20 489 ,Santiago Tetepec,4997,2495,2502
 20 490 ,Santiago Texcalcingo,2712,1304,1408
 20 491 ,Santiago Textitlán,3315,1597,1718
 20 492 ,Santiago Tilantongo,3888,1818,2070
 20 493 ,Santiago Tillo,506,251,255
 20 494 ,Santiago Tlazoyaltepec,4330,1974,2356
 20 495 ,Santiago Xanica,3267,1600,1667
 20 496 ,Santiago Xiacuí,1762,830,932
 20 497 ,Santiago Yaitepec,3130,1518,1612
 20 498 ,Santiago Yaveo,6599,3336,3263
 20 499 ,Santiago Yolomécatl,1725,787,938
 20 500 ,Santiago Yosondúa,7544,3600,3944
 20 501 ,Santiago Yucuyachi,1173,522,651
 20 502 ,Santiago Zacatepec,4963,2490,2473
 20 503 ,Santiago Zoochila,465,218,247
 20 504 ,Nuevo Zoquiapam,1757,831,926
 20 505 ,Santo Domingo Ingenio,7295,3632,3663
 20 506 ,Santo Domingo Albarradas,755,363,392
 20 507 ,Santo Domingo Armenta,3347,1708,1639
 20 508 ,Santo Domingo Chihuitán,1488,762,726
 20 509 ,Santo Domingo de Morelos,8725,4337,4388
 20 510 ,Santo Domingo Ixcatlán,878,409,469
 20 511 ,Santo Domingo Nuxaá,3430,1693,1737
 20 512 ,Santo Domingo Ozolotepec,1125,539,586
 20 513 ,Santo Domingo Petapa,7379,3703,3676
 20 514 ,Santo Domingo Roayaga,950,460,490
 20 515 ,Santo Domingo Tehuantepec,53229,25914,27315
 20 516 ,Santo Domingo Teojomulco,4334,2070,2264
 20 517 ,Santo Domingo Tepuxtepec,4004,1920,2084
 20 518 ,Santo Domingo Tlatayápam,160,76,84
 20 519 ,Santo Domingo Tomaltepec,2834,1394,1440
 20 520 ,Santo Domingo Tonalá,7308,3437,3871
 20 521 ,Santo Domingo Tonaltepec,327,138,189
 20 522 ,Santo Domingo Xagacía,1041,486,555
 20 523 ,Santo Domingo Yanhuitlán,1565,734,831
 20 524 ,Santo Domingo Yodohino,510,237,273
 20 525 ,Santo Domingo Zanatepec,10457,5300,5157
 20 526 ,Santos Reyes Nopala,14058,7020,7038
 20 527 ,Santos Reyes Pápalo,2569,1265,1304
 20 528 ,Santos Reyes Tepejillo,1464,638,826
 20 529 ,Santos Reyes Yucuná,1456,716,740
 20 530 ,Santo Tomás Jalieza,3095,1497,1598
 20 531 ,Santo Tomás Mazaltepec,1939,920,1019
 20 532 ,Santo Tomás Ocotepec,4139,1941,2198
 20 533 ,Santo Tomás Tamazulapan,1683,799,884
 20 534 ,San Vicente Coatlán,4173,1980,2193
 20 535 ,San Vicente Lachixío,3390,1637,1753
 20 536 ,San Vicente Nuñú,519,240,279
 20 537 ,Silacayoápam,7786,3587,4199
 20 538 ,Sitio de Xitlapehua,635,308,327
 20 539 ,Soledad Etla,3902,1909,1993
 20 540 ,Villa de Tamazulápam del Progreso,6088,2704,3384
 20 541 ,Tanetze de Zaragoza,1855,913,942
 20 542 ,Taniche,874,380,494
 20 543 ,Tataltepec de Valdés,5306,2640,2666
 20 544 ,Teococuilco de Marcos Pérez,1747,863,884
 20 545 ,Teotitlán de Flores Magón,7476,3605,3871
 20 546 ,Teotitlán del Valle,5562,2672,2890
 20 547 ,Teotongo,952,433,519
 20 548 ,Tepelmeme Villa de Morelos,1573,722,851
 20 549 ,Tezoatlán de Segura y Luna,12346,5618,6728
 20 550 ,San Jerónimo Tlacochahuaya,4724,2192,2532
 20 551 ,Tlacolula de Matamoros,13507,6178,7329
 20 552 ,Tlacotepec Plumas,514,247,267
 20 553 ,Tlalixtac de Cabrera,6777,3232,3545
 20 554 ,Totontepec Villa de Morelos,5626,2726,2900
 20 555 ,Trinidad Zaachila,2813,1312,1501
 20 556 ,La Trinidad Vista Hermosa,316,144,172
 20 557 ,Unión Hidalgo,12140,5714,6426
 20 558 ,Valerio Trujano,1507,720,787
 20 559 ,San Juan Bautista Valle Nacional,22886,11140,11746
 20 560 ,Villa Díaz Ordaz,5594,2608,2986
 20 561 ,Yaxe,2256,1109,1147
 20 562 ,Magdalena Yodocono de Porfirio Díaz,1305,628,677
 20 563 ,Yogana,1413,652,761
 20 564 ,Yutanduchi de Guerrero,1259,587,672
 20 565 ,Villa de Zaachila,19247,9004,10243
 20 566 ,Zapotitlán del Río,3184,1568,1616
 20 567 ,Zapotitlán Lagunas,3433,1599,1834
 20 568 ,Zapotitlán Palmas,1563,745,818
 20 569 ,Santa Inés de Zaragoza,1958,962,996
 20 570 ,Zimatlán de Alvarez,16801,7873,8928
#NAME?,Puebla,5076686,2448801,2627885
 21 001 ,Acajete,49462,23667,25795
 21 002 ,Acateno,9199,4648,4551
 21 003 ,Acatlán,34765,16062,18703
 21 004 ,Acatzingo,40439,19913,20526
 21 005 ,Acteopan,3074,1448,1626
 21 006 ,Ahuacatlán,13058,6278,6780
 21 007 ,Ahuatlán,3795,1803,1992
 21 008 ,Ahuazotepec,9087,4457,4630
 21 009 ,Ahuehuetitla,2614,1215,1399
 21 010 ,Ajalpan,48642,23683,24959
 21 011 ,Albino Zertuche,2004,919,1085
 21 012 ,Aljojuca,6632,3094,3538
 21 013 ,Altepexi,15811,7666,8145
 21 014 ,Amixtlán,4704,2256,2448
 21 015 ,Amozoc,64315,31632,32683
 21 016 ,Aquixtla,7664,3807,3857
 21 017 ,Atempan,18565,9001,9564
 21 018 ,Atexcal,3732,1822,1910
 21 019 ,Atlixco,117111,54667,62444
 21 020 ,Atoyatempan,5782,2731,3051
 21 021 ,Atzala,1310,626,684
 21 022 ,Atzitzihuacán,11933,5603,6330
 21 023 ,Atzitzintla,8104,3992,4112
 21 024 ,Axutla,1302,604,698
 21 025 ,Ayotoxco de Guerrero,7704,3877,3827
 21 026 ,Calpan,13571,6472,7099
 21 027 ,Caltepec,5104,2375,2729
 21 028 ,Camocuautla,2160,1073,1087
 21 029 ,Caxhuacan,3931,1973,1958
 21 030 ,Coatepec,884,429,455
 21 031 ,Coatzingo,3564,1706,1858
 21 032 ,Cohetzala,1880,911,969
 21 033 ,Cohuecán,4596,2208,2388
 21 034 ,Coronango,27575,13449,14126
 21 035 ,Coxcatlán,18692,9100,9592
 21 036 ,Coyomeapan,12662,6211,6451
 21 037 ,Coyotepec,2524,1204,1320
 21 038 ,Cuapiaxtla de Madero,6583,3218,3365
 21 039 ,Cuautempan,8984,4406,4578
 21 040 ,Cuautinchán,7086,3480,3606
 21 041 ,Cuautlancingo,46729,22929,23800
 21 042 ,Cuayuca de Andrade,3985,1918,2067
 21 043 ,Cuetzalan del Progreso,45010,22374,22636
 21 044 ,Cuyoaco,14434,7053,7381
 21 045 ,Chalchicomula de Sesma,38711,18745,19966
 21 046 ,Chapulco,5542,2676,2866
 21 047 ,Chiautla,21133,10187,10946
 21 048 ,Chiautzingo,17788,8503,9285
 21 049 ,Chiconcuautla,12855,6342,6513
 21 050 ,Chichiquila,20252,10031,10221
 21 051 ,Chietla,36606,17501,19105
 21 052 ,Chigmecatitlán,1301,595,706
 21 053 ,Chignahuapan,49266,24405,24861
 21 054 ,Chignautla,21571,10644,10927
 21 055 ,Chila,5043,2381,2662
 21 056 ,Chila de la Sal,1961,916,1045
 21 057 ,Honey,7279,3478,3801
 21 058 ,Chilchotla,17833,8982,8851
 21 059 ,Chinantla,2810,1291,1519
 21 060 ,Domingo Arenas,5581,2732,2849
 21 061 ,Eloxochitlán,10806,5465,5341
 21 062 ,Epatlán,4845,2293,2552
 21 063 ,Esperanza,13473,6544,6929
 21 064 ,Francisco Z. Mena,16331,8117,8214
 21 065 ,General Felipe Ángeles,15105,6968,8137
 21 066 ,Guadalupe,7748,3602,4146
 21 067 ,Guadalupe Victoria,14833,7130,7703
 21 068 ,Hermenegildo Galeana,8194,4150,4044
 21 069 ,Huaquechula,28654,13240,15414
 21 070 ,Huatlatlauca,8026,3585,4441
 21 071 ,Huauchinango,83537,39970,43567
 21 072 ,Huehuetla,16130,8046,8084
 21 073 ,Huehuetlán el Chico,9651,4614,5037
 21 074 ,Huejotzingo,50868,24778,26090
 21 075 ,Hueyapan,10206,5064,5142
 21 076 ,Hueytamalco,28345,14343,14002
 21 077 ,Hueytlalpan,5465,2759,2706
 21 078 ,Huitzilan de Serdán,11670,5883,5787
 21 079 ,Huitziltepec,4591,2248,2343
 21 080 ,Atlequizayan,2761,1324,1437
 21 081 ,Ixcamilpa de Guerrero,4614,2190,2424
 21 082 ,Ixcaquixtla,6922,3324,3598
 21 083 ,Ixtacamaxtitlán,28358,14253,14105
 21 084 ,Ixtepec,6589,3241,3348
 21 085 ,Izúcar de Matamoros,70739,33371,37368
 21 086 ,Jalpan,13257,6667,6590
 21 087 ,Jolalpan,12556,5940,6616
 21 088 ,Jonotla,4942,2478,2464
 21 089 ,Jopala,13489,6686,6803
 21 090 ,Juan C. Bonilla,14483,6992,7491
 21 091 ,Juan Galindo,9301,4367,4934
 21 092 ,Juan N. Méndez,5239,2581,2658
 21 093 ,Lafragua,9207,4626,4581
 21 094 ,Libres,25719,12540,13179
 21 095 ,La Magdalena Tlatlauquitepec,722,347,375
 21 096 ,Mazapiltepec de Juárez,2396,1176,1220
 21 097 ,Mixtla,2044,963,1081
 21 098 ,Molcaxac,6229,2922,3307
 21 099 ,Cañada Morelos,17779,8687,9092
 21 100 ,Naupan,9613,4504,5109
 21 101 ,Nauzontla,3617,1744,1873
 21 102 ,Nealtican,10644,5127,5517
 21 103 ,Nicolás Bravo,5375,2627,2748
 21 104 ,Nopalucan,19033,9407,9626
 21 105 ,Ocotepec,4945,2396,2549
 21 106 ,Ocoyucan,23619,11131,12488
 21 107 ,Olintla,12609,6174,6435
 21 108 ,Oriental,13769,6665,7104
 21 109 ,Pahuatlán,18326,8691,9635
 21 110 ,Palmar de Bravo,35812,17489,18323
 21 111 ,Pantepec,19401,9502,9899
 21 112 ,Petlalcingo,9680,4513,5167
 21 113 ,Piaxtla,5948,2826,3122
 21 114 ,Puebla,1346916,644480,702436
 21 115 ,Quecholac,38649,18847,19802
 21 116 ,Quimixtlán,19235,9681,9554
 21 117 ,Rafael Lara Grajales,14766,7104,7662
 21 118 ,Los Reyes de Juárez,20849,10103,10746
 21 119 ,San Andrés Cholula,56066,27298,28768
 21 120 ,San Antonio Cañada,4495,2090,2405
 21 121 ,San Diego la Mesa Tochimiltzingo,1116,551,565
 21 122 ,San Felipe Teotlalcingo,8632,4223,4409
 21 123 ,San Felipe Tepatlán,4425,2206,2219
 21 124 ,San Gabriel Chilac,13554,6541,7013
 21 125 ,San Gregorio Atzompa,6934,3341,3593
 21 126 ,San Jerónimo Tecuanipan,5267,2522,2745
 21 127 ,San Jerónimo Xayacatlán,4317,2007,2310
 21 128 ,San José Chiapa,6744,3339,3405
 21 129 ,San José Miahuatlán,11697,5537,6160
 21 130 ,San Juan Atenco,3708,1756,1952
 21 131 ,San Juan Atzompa,815,425,390
 21 132 ,San Martín Texmelucan,121071,58529,62542
 21 133 ,San Martín Totoltepec,951,457,494
 21 134 ,San Matías Tlalancaleca,16361,8028,8333
 21 135 ,San Miguel Ixitlán,727,355,372
 21 136 ,San Miguel Xoxtla,9350,4575,4775
 21 137 ,San Nicolás Buenos Aires,8334,4102,4232
 21 138 ,San Nicolás de los Ranchos,10009,4879,5130
 21 139 ,San Pablo Anicano,3441,1622,1819
 21 140 ,San Pedro Cholula,99794,47980,51814
 21 141 ,San Pedro Yeloixtlahuaca,3711,1777,1934
 21 142 ,San Salvador el Seco,23342,11415,11927
 21 143 ,San Salvador el Verde,22649,11144,11505
 21 144 ,San Salvador Huixcolotla,10631,5196,5435
 21 145 ,San Sebastián Tlacotepec,13219,6544,6675
 21 146 ,Santa Catarina Tlaltempan,887,443,444
 21 147 ,Santa Inés Ahuatempan,6112,2929,3183
 21 148 ,Santa Isabel Cholula,8815,4155,4660
 21 149 ,Santiago Miahuatlán,14249,6878,7371
 21 150 ,Huehuetlán el Grande,6734,3264,3470
 21 151 ,Santo Tomás Hueyotlipan,7082,3381,3701
 21 152 ,Soltepec,11068,5440,5628
 21 153 ,Tecali de Herrera,16844,8188,8656
 21 154 ,Tecamachalco,59177,28644,30533
 21 155 ,Tecomatlán,6830,3362,3468
 21 156 ,Tehuacán,226258,108178,118080
 21 157 ,Tehuitzingo,12650,6013,6637
 21 158 ,Tenampulco,7060,3531,3529
 21 159 ,Teopantlán,4840,2196,2644
 21 160 ,Teotlalco,3549,1754,1795
 21 161 ,Tepanco de López,16717,7961,8756
 21 162 ,Tepango de Rodríguez,4003,1943,2060
 21 163 ,Tepatlaxco de Hidalgo,14055,6682,7373
 21 164 ,Tepeaca,62651,30189,32462
 21 165 ,Tepemaxalco,1272,613,659
 21 166 ,Tepeojuma,8671,3994,4677
 21 167 ,Tepetzintla,9457,4520,4937
 21 168 ,Tepexco,6392,3032,3360
 21 169 ,Tepexi de Rodríguez,18145,8786,9359
 21 170 ,Tepeyahualco,15268,7591,7677
 21 171 ,Tepeyahualco de Cuauhtémoc,2864,1373,1491
 21 172 ,Tetela de Ocampo,25859,12593,13266
 21 173 ,Teteles de Avila Castillo,5556,2432,3124
 21 174 ,Teziutlán,81156,38613,42543
 21 175 ,Tianguismanalco,9640,4508,5132
 21 176 ,Tilapa,8331,3981,4350
 21 177 ,Tlacotepec de Benito Juárez,42295,20468,21827
 21 178 ,Tlacuilotepec,17764,8903,8861
 21 179 ,Tlachichuca,25674,12715,12959
 21 180 ,Tlahuapan,31665,15896,15769
 21 181 ,Tlaltenango,5370,2668,2702
 21 182 ,Tlanepantla,4198,2002,2196
 21 183 ,Tlaola,18233,9017,9216
 21 184 ,Tlapacoya,6502,3238,3264
 21 185 ,Tlapanalá,8686,4013,4673
 21 186 ,Tlatlauquitepec,47106,22775,24331
 21 187 ,Tlaxco,6271,3151,3120
 21 188 ,Tochimilco,17171,8179,8992
 21 189 ,Tochtepec,17259,8292,8967
 21 190 ,Totoltepec de Guerrero,1161,546,615
 21 191 ,Tulcingo,11025,5150,5875
 21 192 ,Tuzamapan de Galeana,6176,3032,3144
 21 193 ,Tzicatlacoyan,6185,3020,3165
 21 194 ,Venustiano Carranza,25115,12021,13094
 21 195 ,Vicente Guerrero,21164,10475,10689
 21 196 ,Xayacatlán de Bravo,1701,766,935
 21 197 ,Xicotepec,70164,34047,36117
 21 198 ,Xicotlán,1433,688,745
 21 199 ,Xiutetelco,30426,14919,15507
 21 200 ,Xochiapulco,4306,2098,2208
 21 201 ,Xochiltepec,3279,1513,1766
 21 202 ,Xochitlán de Vicente Suárez,11760,5843,5917
 21 203 ,Xochitlán Todos Santos,5101,2384,2717
 21 204 ,Yaonáhuac,6649,3284,3365
 21 205 ,Yehualtepec,19368,9464,9904
 21 206 ,Zacapala,4407,2075,2332
 21 207 ,Zacapoaxtla,49242,23985,25257
 21 208 ,Zacatlán,69698,33629,36069
 21 209 ,Zapotitlán,8900,4145,4755
 21 210 ,Zapotitlán de Méndez,5267,2621,2646
 21 211 ,Zaragoza,13810,6694,7116
 21 212 ,Zautla,19447,9258,10189
 21 213 ,Zihuateutla,13535,6769,6766
 21 214 ,Zinacatepec,13641,6479,7162
 21 215 ,Zongozotla,4392,2167,2225
 21 216 ,Zoquiapan,2949,1420,1529
 21 217 ,Zoquitlán,19715,9532,10183
#NAME?,Querétaro de Arteaga,1404306,680966,723340
 22 001 ,Amealco de Bonfil,54591,26307,28284
 22 002 ,Pinal de Amoles,27290,13204,14086
 22 003 ,Arroyo Seco,12667,6012,6655
 22 004 ,Cadereyta de Montes,51790,24323,27467
 22 005 ,Colón,46878,23308,23570
 22 006 ,Corregidora,74558,36018,38540
 22 007 ,Ezequiel Montes,27598,12983,14615
 22 008 ,Huimilpan,29140,13971,15169
 22 009 ,Jalpan de Serra,22839,10898,11941
 22 010 ,Landa de Matamoros,19493,9539,9954
 22 011 ,El Marqués,71397,35678,35719
 22 012 ,Pedro Escobedo,49554,24435,25119
 22 013 ,Peñamiller,16557,7993,8564
 22 014 ,Querétaro,641386,310655,330731
 22 015 ,San Joaquín,7665,3599,4066
 22 016 ,San Juan del Río,179668,87501,92167
 22 017 ,Tequisquiapan,49969,24332,25637
 22 018 ,Tolimán,21266,10210,11056
#NAME?,Quintana Roo,874963,448308,426655
 23 001 ,Cozumel,60091,31060,29031
 23 002 ,Felipe Carrillo Puerto,60365,30682,29683
 23 003 ,Isla Mujeres,11313,5930,5383
 23 004 ,Othón P. Blanco,208164,104314,103850
 23 005 ,Benito Juárez,419815,215352,204463
 23 006 ,José María Morelos,31052,16023,15029
 23 007 ,Lázaro Cárdenas,20411,10537,9874
 23 008 ,Solidaridad,63752,34410,29342
#NAME?,San Luis Potosí,2299360,1120837,1178523
 24 001 ,Ahualulco,19192,9112,10080
 24 002 ,Alaquines,8781,4408,4373
 24 003 ,Aquismón,42782,21685,21097
 24 004 ,Armadillo de los Infante,4889,2419,2470
 24 005 ,Cárdenas,18824,8973,9851
 24 006 ,Catorce,9889,5032,4857
 24 007 ,Cedral,16153,8011,8142
 24 008 ,Cerritos,20703,9886,10817
 24 009 ,Cerro de San Pedro,3404,1679,1725
 24 010 ,Ciudad del Maíz,30603,15189,15414
 24 011 ,Ciudad Fernández,39944,19439,20505
 24 012 ,Tancanhuitz,19904,9934,9970
 24 013 ,Ciudad Valles,146604,71001,75603
 24 014 ,Coxcatlán,17352,8700,8652
 24 015 ,Charcas,21070,10389,10681
 24 016 ,Ebano,39687,19535,20152
 24 017 ,Guadalcázar,25359,12702,12657
 24 018 ,Huehuetlán,14289,7105,7184
 24 019 ,Lagunillas,6538,3253,3285
 24 020 ,Matehuala,78187,37766,40421
 24 021 ,Mexquitic de Carmona,48392,23123,25269
 24 022 ,Moctezuma,19904,9656,10248
 24 023 ,Rayón,15790,7715,8075
 24 024 ,Rioverde,88991,43129,45862
 24 025 ,Salinas,26405,12585,13820
 24 026 ,San Antonio,9363,4783,4580
 24 027 ,San Ciro de Acosta,10493,5024,5469
 24 028 ,San Luis Potosí,670532,320344,350188
 24 029 ,San Martín Chalchicuautla,22373,11219,11154
 24 030 ,San Nicolás Tolentino,6793,3188,3605
 24 031 ,Santa Catarina,10830,5360,5470
 24 032 ,Santa María del Río,39066,18804,20262
 24 033 ,Santo Domingo,12755,6373,6382
 24 034 ,San Vicente Tancuayalab,14107,7185,6922
 24 035 ,Soledad de Graciano Sánchez,180296,87150,93146
 24 036 ,Tamasopo,27390,13800,13590
 24 037 ,Tamazunchale,89074,44286,44788
 24 038 ,Tampacán,16008,8173,7835
 24 039 ,Tampamolón Corona,13722,6939,6783
 24 040 ,Tamuín,35087,17324,17763
 24 041 ,Tanlajás,18137,9249,8888
 24 042 ,Tanquián de Escobedo,13354,6605,6749
 24 043 ,Tierra Nueva,9582,4461,5121
 24 044 ,Vanegas,7533,3808,3725
 24 045 ,Venado,14205,7063,7142
 24 046 ,Villa de Arriaga,14623,7327,7296
 24 047 ,Villa de Guadalupe,10378,5286,5092
 24 048 ,Villa de la Paz,5135,2564,2571
 24 049 ,Villa de Ramos,34432,16776,17656
 24 050 ,Villa de Reyes,40602,20045,20557
 24 051 ,Villa Hidalgo,14989,7495,7494
 24 052 ,Villa Juárez,10956,5304,5652
 24 053 ,Axtla de Terrazas,31405,15785,15620
 24 054 ,Xilitla,49578,25083,24495
 24 055 ,Zaragoza,21962,10812,11150
 24 056 ,Villa de Arista,13747,6965,6782
 24 057 ,Matlapa,28319,14343,13976
 24 058 ,El Naranjo,18898,9488,9410
#NAME?,Sinaloa,2536844,1264143,1272701
 25 001 ,Ahome,359146,177530,181616
 25 002 ,Angostura,43827,21915,21912
 25 003 ,Badiraguato,37757,19479,18278
 25 004 ,Concordia,27815,14220,13595
 25 005 ,Cosalá,17269,8833,8436
 25 006 ,Culiacán,745537,366955,378582
 25 007 ,Choix,29355,14878,14477
 25 008 ,Elota,49471,25663,23808
 25 009 ,Escuinapa,50438,25462,24976
 25 010 ,El Fuerte,89515,45449,44066
 25 011 ,Guasave,277402,138114,139288
 25 012 ,Mazatlán,380509,187726,192783
 25 013 ,Mocorito,50082,25990,24092
 25 014 ,Rosario,47934,24473,23461
 25 015 ,Salvador Alvarado,73303,35741,37562
 25 016 ,San Ignacio,26762,14125,12637
 25 017 ,Sinaloa,85100,43146,41954
 25 018 ,Navolato,145622,74444,71178
#NAME?,Sonora,2216969,1110590,1106379
 26 001 ,Aconchi,2420,1268,1152
 26 002 ,Agua Prieta,61944,31437,30507
 26 003 ,Alamos,25152,13044,12108
 26 004 ,Altar,7253,3731,3522
 26 005 ,Arivechi,1484,755,729
 26 006 ,Arizpe,3396,1731,1665
 26 007 ,Atil,718,363,355
 26 008 ,Bacadéhuachi,1348,708,640
 26 009 ,Bacanora,943,485,458
 26 010 ,Bacerac,1366,710,656
 26 011 ,Bacoachi,1496,754,742
 26 012 ,Bácum,21322,10800,10522
 26 013 ,Banámichi,1484,734,750
 26 014 ,Baviácora,3724,1948,1776
 26 015 ,Bavispe,1377,737,640
 26 016 ,Benjamín Hill,5732,2960,2772
 26 017 ,Caborca,69516,35278,34238
 26 018 ,Cajeme,356290,175177,181113
 26 019 ,Cananea,32061,16063,15998
 26 020 ,Carbó,4984,2635,2349
 26 021 ,La Colorada,2306,1281,1025
 26 022 ,Cucurpe,937,528,409
 26 023 ,Cumpas,6202,3210,2992
 26 024 ,Divisaderos,825,416,409
 26 025 ,Empalme,49987,24809,25178
 26 026 ,Etchojoa,56129,28418,27711
 26 027 ,Fronteras,7801,4056,3745
 26 028 ,Granados,1235,646,589
 26 029 ,Guaymas,130329,64723,65606
 26 030 ,Hermosillo,609829,303533,306296
 26 031 ,Huachinera,1147,569,578
 26 032 ,Huásabas,966,500,466
 26 033 ,Huatabampo,76296,38563,37733
 26 034 ,Huépac,1142,588,554
 26 035 ,Imuris,9988,5026,4962
 26 036 ,Magdalena,24447,12032,12415
 26 037 ,Mazatán,1584,828,756
 26 038 ,Moctezuma,4187,2129,2058
 26 039 ,Naco,5370,2697,2673
 26 040 ,Nácori Chico,2236,1175,1061
 26 041 ,Nacozari de García,14365,7512,6853
 26 042 ,Navojoa,140650,69341,71309
 26 043 ,Nogales,159787,81421,78366
 26 044 ,Onavas,479,265,214
 26 045 ,Opodepe,2831,1513,1318
 26 046 ,Oquitoa,402,200,202
 26 047 ,Pitiquito,9236,4818,4418
 26 048 ,Puerto Peñasco,31157,15816,15341
 26 049 ,Quiriego,3335,1800,1535
 26 050 ,Rayón,1591,842,749
 26 051 ,Rosario,5432,2833,2599
 26 052 ,Sahuaripa,6400,3323,3077
 26 053 ,San Felipe de Jesús,416,217,199
 26 054 ,San Javier,279,148,131
 26 055 ,San Luis Río Colorado,145006,72864,72142
 26 056 ,San Miguel de Horcasitas,5626,3021,2605
 26 057 ,San Pedro de la Cueva,1703,904,799
 26 058 ,Santa Ana,13526,6701,6825
 26 059 ,Santa Cruz,1628,857,771
 26 060 ,Sáric,2257,1231,1026
 26 061 ,Soyopa,1649,903,746
 26 062 ,Suaqui Grande,1175,620,555
 26 063 ,Tepache,1539,779,760
 26 064 ,Trincheras,1756,944,812
 26 065 ,Tubutama,1798,933,865
 26 066 ,Ures,9565,4896,4669
 26 067 ,Villa Hidalgo,1986,1034,952
 26 068 ,Villa Pesqueira,1590,848,742
 26 069 ,Yécora,6069,3175,2894
 26 070 ,General Plutarco Elías Calles,11278,5781,5497
 26 071 ,Benito Juárez,21813,10944,10869
 26 072 ,San Ignacio Río Muerto,13692,7061,6631
#NAME?,Tabasco,1891829,934515,957314
 27 001 ,Balancán,54265,27159,27106
 27 002 ,Cárdenas,217261,107305,109956
 27 003 ,Centla,88218,44350,43868
 27 004 ,Centro,520308,252955,267353
 27 005 ,Comalcalco,164637,81299,83338
 27 006 ,Cunduacán,104360,51702,52658
 27 007 ,Emiliano Zapata,26951,13281,13670
 27 008 ,Huimanguillo,158573,78973,79600
 27 009 ,Jalapa,32840,16488,16352
 27 010 ,Jalpa de Méndez,68746,34292,34454
 27 011 ,Jonuta,27807,14147,13660
 27 012 ,Macuspana,133985,66384,67601
 27 013 ,Nacajuca,80272,40050,40222
 27 014 ,Paraíso,70764,34906,35858
 27 015 ,Tacotalpa,41296,20772,20524
 27 016 ,Teapa,45834,22840,22994
 27 017 ,Tenosique,55712,27612,28100
#NAME?,Tamaulipas,2753222,1359874,1393348
 28 001 ,Abasolo,13306,6769,6537
 28 002 ,Aldama,27997,14204,13793
 28 003 ,Altamira,127664,63803,63861
 28 004 ,Antiguo Morelos,8915,4383,4532
 28 005 ,Burgos,5183,2631,2552
 28 006 ,Bustamante,7520,3928,3592
 28 007 ,Camargo,16787,8545,8242
 28 008 ,Casas,4537,2450,2087
 28 009 ,Ciudad Madero,182325,86944,95381
 28 010 ,Cruillas,2333,1210,1123
 28 011 ,Gómez Farías,8570,4407,4163
 28 012 ,González,41455,20582,20873
 28 013 ,Gémez,14499,7537,6962
 28 014 ,Guerrero,4366,2279,2087
 28 015 ,Gustavo Díaz Ordaz,16246,8167,8079
 28 016 ,Hidalgo,24281,12507,11774
 28 017 ,Jaumave,13184,6646,6538
 28 018 ,Jiménez,8510,4327,4183
 28 019 ,Llera,17620,9046,8574
 28 020 ,Mainero,2830,1452,1378
 28 021 ,El Mante,112602,54790,57812
 28 022 ,Matamoros,418141,206259,211882
 28 023 ,Méndez,5337,2743,2594
 28 024 ,Mier,6788,3439,3349
 28 025 ,Miguel Alemán,25704,13045,12659
 28 026 ,Miquihuana,3176,1665,1511
 28 027 ,Nuevo Laredo,310915,155066,155849
 28 028 ,Nuevo Morelos,3067,1600,1467
 28 029 ,Ocampo,13303,6751,6552
 28 030 ,Padilla,13677,6990,6687
 28 031 ,Palmillas,1821,930,891
 28 032 ,Reynosa,420463,208769,211694
 28 033 ,Río Bravo,104229,52077,52152
 28 034 ,San Carlos,9577,4942,4635
 28 035 ,San Fernando,57412,29057,28355
 28 036 ,San Nicolás,1055,531,524
 28 037 ,Soto la Marina,24231,12669,11562
 28 038 ,Tampico,295442,141046,154396
 28 039 ,Tula,27049,13619,13430
 28 040 ,Valle Hermoso,58573,28904,29669
 28 041 ,Victoria,263063,128250,134813
 28 042 ,Villagrán,7005,3627,3378
 28 043 ,Xicoténcatl,22464,11288,11176
#NAME?,Tlaxcala,962646,469948,492698
 29 001 ,Amaxac de Guerrero,7679,3755,3924
 29 002 ,Apetatitlán de Antonio Carvajal,11795,5770,6025
 29 003 ,Atlangatepec,5449,2743,2706
 29 004 ,Altzayanca,13122,6599,6523
 29 005 ,Apizaco,67675,32570,35105
 29 006 ,Calpulalpan,37169,18133,19036
 29 007 ,El Carmen Tequexquitla,12412,6139,6273
 29 008 ,Cuapiaxtla,10964,5480,5484
 29 009 ,Cuaxomulco,4255,2118,2137
 29 010 ,Chiautempan,57512,27666,29846
 29 011 ,Muñoz de Domingo Arenas,4080,2060,2020
 29 012 ,Españita,7215,3644,3571
 29 013 ,Huamantla,66561,32492,34069
 29 014 ,Hueyotlipan,12664,6355,6309
 29 015 ,Ixtacuixtla de Mariano Matamoros,30301,14719,15582
 29 016 ,Ixtenco,5840,2798,3042
 29 017 ,Mazatecochco de José María Morelos,8357,4098,4259
 29 018 ,Contla de Juan Cuamatzi,28842,14230,14612
 29 019 ,Tepetitla de Lardizábal,14313,6896,7417
 29 020 ,Sanctórum de Lázaro Cárdenas,6937,3474,3463
 29 021 ,Nanacamilpa de Mariano Arista,14605,7184,7421
 29 022 ,Acuamanala de Miguel Hidalgo,4357,2184,2173
 29 023 ,Natívitas,21020,10076,10944
 29 024 ,Panotla,23391,11884,11507
 29 025 ,San Pablo del Monte,54387,26904,27483
 29 026 ,Santa Cruz Tlaxcala,12824,6288,6536
 29 027 ,Tenancingo,10142,4856,5286
 29 028 ,Teolocholco,17067,8295,8772
 29 029 ,Tepeyanco,9006,4277,4729
 29 030 ,Terrenate,11226,5663,5563
 29 031 ,Tetla de la Solidaridad,21753,10730,11023
 29 032 ,Tetlatlahuca,10803,5305,5498
 29 033 ,Tlaxcala,73230,35078,38152
 29 034 ,Tlaxco,33893,16982,16911
 29 035 ,Tocatlán,4735,2311,2424
 29 036 ,Totolac,16682,8065,8617
 29 037 ,Zitlaltepec de Trinidad Sánchez Santos,7959,3834,4125
 29 038 ,Tzompantepec,9294,4580,4714
 29 039 ,Xaloztoc,16857,8520,8337
 29 040 ,Xaltocan,7418,3682,3736
 29 041 ,Papalotla de Xicohténcatl,22288,10733,11555
 29 042 ,Xicohtzinco,10226,4864,5362
 29 043 ,Yauhquemecan,21555,10535,11020
 29 044 ,Zacatelco,31915,15301,16614
 29 045 ,Benito Juárez,4729,2345,2384
 29 046 ,Emiliano Zapata,3391,1686,1705
 29 047 ,Lázaro Cárdenas,2347,1173,1174
 29 048 ,La Magdalena Tlaltelulco,13697,6635,7062
 29 049 ,San Damián Texoloc,4360,2145,2215
 29 050 ,San Francisco Tetlanohcan,9081,4380,4701
 29 051 ,San Jerónimo Zacualpan,3234,1518,1716
 29 052 ,San José Teacalco,4587,2204,2383
 29 053 ,San Juan Huactzinco,5547,2620,2927
 29 054 ,San Lorenzo Axocomanitla,4368,2094,2274
 29 055 ,San Lucas Tecopilco,2939,1423,1516
 29 056 ,Santa Ana Nopalucan,5851,2874,2977
 29 057 ,Santa Apolonia Teacalco,3676,1722,1954
 29 058 ,Santa Catarina Ayometla,6997,3320,3677
 29 059 ,Santa Cruz Quilehtla,4883,2400,2483
 29 060 ,Santa Isabel Xiloxoxtla,3184,1539,1645
#NAME?,Veracruz de Ignacio de la Llave,6908975,3355164,3553811
 30 001 ,Acajete,7514,3921,3593
 30 002 ,Acatlán,2658,1272,1386
 30 003 ,Acayucan,78243,37807,40436
 30 004 ,Actopan,39354,19360,19994
 30 005 ,Acula,5011,2507,2504
 30 006 ,Acultzingo,17785,8748,9037
 30 007 ,Camarón de Tejeda,5613,2817,2796
 30 008 ,Alpatláhuac,8573,4214,4359
 30 009 ,Alto Lucero de Gutiérrez Barrios,27188,13668,13520
 30 010 ,Altotonga,53241,26009,27232
 30 011 ,Alvarado,49499,25012,24487
 30 012 ,Amatitlán,7228,3579,3649
 30 013 ,Naranjos Amatlán,26377,12444,13933
 30 014 ,Amatlán de los Reyes,36823,17854,18969
 30 015 ,Angel R. Cabada,32119,15578,16541
 30 016 ,La Antigua,23389,11313,12076
 30 017 ,Apazapan,3611,1804,1807
 30 018 ,Aquila,1776,848,928
 30 019 ,Astacinga,5381,2608,2773
 30 020 ,Atlahuilco,8054,3905,4149
 30 021 ,Atoyac,22619,11031,11588
 30 022 ,Atzacan,16998,8529,8469
 30 023 ,Atzalan,48179,24494,23685
 30 024 ,Tlaltetela,13339,6790,6549
 30 025 ,Ayahualulco,20230,10130,10100
 30 026 ,Banderilla,16433,7914,8519
 30 027 ,Benito Juárez,16237,7972,8265
 30 028 ,Boca del Río,135804,63528,72276
 30 029 ,Calcahualco,11072,5625,5447
 30 030 ,Camerino Z. Mendoza,39308,18627,20681
 30 031 ,Carrillo Puerto,14628,7131,7497
 30 032 ,Catemaco,45383,22191,23192
 30 033 ,Cazones,23839,11666,12173
 30 034 ,Cerro Azul,24729,11719,13010
 30 035 ,Citlaltépetl,11268,5574,5694
 30 036 ,Coacoatzintla,7301,3609,3692
 30 037 ,Coahuitlán,6876,3488,3388
 30 038 ,Coatepec,73536,35577,37959
 30 039 ,Coatzacoalcos,267212,129379,137833
 30 040 ,Coatzintla,39189,18858,20331
 30 041 ,Coetzala,1834,885,949
 30 042 ,Colipa,6196,3075,3121
 30 043 ,Comapa,17094,8776,8318
 30 044 ,Córdoba,177288,82983,94305
 30 045 ,Cosamaloapan de Carpio,54185,26059,28126
 30 046 ,Cosautlán de Carvajal,15303,7666,7637
 30 047 ,Coscomatepec,42003,20822,21181
 30 048 ,Cosoleacaque,97437,47217,50220
 30 049 ,Cotaxtla,18920,9349,9571
 30 050 ,Coxquihui,14423,7184,7239
 30 051 ,Coyutla,21105,10328,10777
 30 052 ,Cuichapa,10849,5164,5685
 30 053 ,Cuitláhuac,23260,10764,12496
 30 054 ,Chacaltianguis,11731,5748,5983
 30 055 ,Chalma,12902,6424,6478
 30 056 ,Chiconamel,6646,3374,3272
 30 057 ,Chiconquiaco,12981,6589,6392
 30 058 ,Chicontepec,58735,28728,30007
 30 059 ,Chinameca,14105,6881,7224
 30 060 ,Chinampa de Gorostiza,14035,6885,7150
 30 061 ,Las Choapas,73077,35671,37406
 30 062 ,Chocamán,15130,7440,7690
 30 063 ,Chontla,15072,7576,7496
 30 064 ,Chumatlán,3438,1675,1763
 30 065 ,Emiliano Zapata,44580,22095,22485
 30 066 ,Espinal,23876,11928,11948
 30 067 ,Filomeno Mata,10824,5362,5462
 30 068 ,Fortín,46053,21756,24297
 30 069 ,Gutiérrez Zamora,26413,12510,13903
 30 070 ,Hidalgotitlán,18205,9191,9014
 30 071 ,Huatusco,46477,22548,23929
 30 072 ,Huayacocotla,18093,8876,9217
 30 073 ,Hueyapan de Ocampo,39795,19449,20346
 30 074 ,Huiloapan,5733,2796,2937
 30 075 ,Ignacio de la Llave,17753,8690,9063
 30 076 ,Ilamatlán,12956,6155,6801
 30 077 ,Isla,38847,19136,19711
 30 078 ,Ixcatepec,12863,6369,6494
 30 079 ,Ixhuacán de los Reyes,9517,4804,4713
 30 080 ,Ixhuatlán del Café,19945,9994,9951
 30 081 ,Ixhuatlancillo,11914,5700,6214
 30 082 ,Ixhuatlán del Sureste,13294,6634,6660
 30 083 ,Ixhuatlán de Madero,49216,24296,24920
 30 084 ,Ixmatlahuacan,6047,3038,3009
 30 085 ,Ixtaczoquitlán,56896,27729,29167
 30 086 ,Jalacingo,33399,16649,16750
 30 087 ,Xalapa,390590,181487,209103
 30 088 ,Jalcomulco,4416,2263,2153
 30 089 ,Jáltipan,37764,17982,19782
 30 090 ,Jamapa,9969,4981,4988
 30 091 ,Jesús Carranza,25424,12491,12933
 30 092 ,Xico,28762,14200,14562
 30 093 ,Jilotepec,13025,6272,6753
 30 094 ,Juan Rodríguez Clara,33495,16634,16861
 30 095 ,Juchique de Ferrer,18971,9539,9432
 30 096 ,Landero y Coss,1432,652,780
 30 097 ,Lerdo de Tejada,20161,9514,10647
 30 098 ,Magdalena,2327,1168,1159
 30 099 ,Maltrata,14709,7108,7601
 30 100 ,Manlio Fabio Altamirano,20580,10284,10296
 30 101 ,Mariano Escobedo,28622,13860,14762
 30 102 ,Martínez de la Torre,119166,57782,61384
 30 103 ,Mecatlán,10345,5145,5200
 30 104 ,Mecayapan,15210,7618,7592
 30 105 ,Medellín,35171,17172,17999
 30 106 ,Miahuatlán,3807,1853,1954
 30 107 ,Las Minas,2582,1327,1255
 30 108 ,Minatitlán,153001,73758,79243
 30 109 ,Misantla,60771,30085,30686
 30 110 ,Mixtla de Altamirano,8368,4205,4163
 30 111 ,Moloacán,16755,8199,8556
 30 112 ,Naolinco,18097,8980,9117
 30 113 ,Naranjal,4038,1998,2040
 30 114 ,Nautla,9798,4786,5012
 30 115 ,Nogales,30945,14794,16151
 30 116 ,Oluta,13282,6337,6945
 30 117 ,Omealca,22085,10721,11364
 30 118 ,Orizaba,118593,55203,63390
 30 119 ,Otatitlán,5236,2485,2751
 30 120 ,Oteapan,12137,5868,6269
 30 121 ,Ozuluama de Mascareñas,24394,12587,11807
 30 122 ,Pajapan,14071,7048,7023
 30 123 ,Pánuco,90657,45106,45551
 30 124 ,Papantla,170304,82587,87717
 30 125 ,Paso del Macho,26567,13265,13302
 30 126 ,Paso de Ovejas,30791,15422,15369
 30 127 ,La Perla,17980,9080,8900
 30 128 ,Perote,54365,26923,27442
 30 129 ,Platón Sánchez,17509,8783,8726
 30 130 ,Playa Vicente,49388,23938,25450
 30 131 ,Poza Rica de Hidalgo,152838,71079,81759
 30 132 ,Las Vigas de Ramírez,14161,6966,7195
 30 133 ,Pueblo Viejo,50329,25178,25151
 30 134 ,Puente Nacional,18999,9360,9639
 30 135 ,Rafael Delgado,14730,7272,7458
 30 136 ,Rafael Lucio,5342,2615,2727
 30 137 ,Los Reyes,4195,2111,2084
 30 138 ,Río Blanco,39327,18660,20667
 30 139 ,Saltabarranca,5684,2739,2945
 30 140 ,San Andrés Tenejapan,2214,1077,1137
 30 141 ,San Andrés Tuxtla,142343,69002,73341
 30 142 ,San Juan Evangelista,32645,16085,16560
 30 143 ,Santiago Tuxtla,54539,26399,28140
 30 144 ,Sayula de Alemán,27958,13782,14176
 30 145 ,Soconusco,11467,5588,5879
 30 146 ,Sochiapa,3105,1585,1520
 30 147 ,Soledad Atzompa,16392,8088,8304
 30 148 ,Soledad de Doblado,27198,13623,13575
 30 149 ,Soteapan,27486,13638,13848
 30 150 ,Tamalín,11589,5818,5771
 30 151 ,Tamiahua,26306,13341,12965
 30 152 ,Tampico Alto,12643,6576,6067
 30 153 ,Tancoco,6254,3089,3165
 30 154 ,Tantima,13455,6804,6651
 30 155 ,Tantoyuca,94829,47468,47361
 30 156 ,Tatatila,4881,2541,2340
 30 157 ,Castillo de Teayo,19551,9861,9690
 30 158 ,Tecolutla,25681,12820,12861
 30 159 ,Tehuipango,17640,8653,8987
 30 160 ,Temapache,102946,51026,51920
 30 161 ,Tempoal,36359,18318,18041
 30 162 ,Tenampa,5900,2931,2969
 30 163 ,Tenochtitlán,5603,2762,2841
 30 164 ,Teocelo,14900,7369,7531
 30 165 ,Tepatlaxco,7844,4105,3739
 30 166 ,Tepetlán,8455,4393,4062
 30 167 ,Tepetzintla,13754,6797,6957
 30 168 ,Tequila,11958,5972,5986
 30 169 ,José Azueta,24506,11994,12512
 30 170 ,Texcatepec,9051,4638,4413
 30 171 ,Texhuacán,4642,2326,2316
 30 172 ,Texistepec,19066,9421,9645
 30 173 ,Tezonapa,51006,25320,25686
 30 174 ,Tierra Blanca,89382,42773,46609
 30 175 ,Tihuatlán,81088,39804,41284
 30 176 ,Tlacojalpan,4642,2414,2228
 30 177 ,Tlacolulan,8899,4485,4414
 30 178 ,Tlacotalpan,14946,7260,7686
 30 179 ,Tlacotepec de Mejía,3624,1814,1810
 30 180 ,Tlachichilco,11067,5528,5539
 30 181 ,Tlalixcoyan,36610,17962,18648
 30 182 ,Tlalnelhuayocan,11484,5604,5880
 30 183 ,Tlapacoyan,51877,25310,26567
 30 184 ,Tlaquilpa,6263,3026,3237
 30 185 ,Tlilapan,3955,1964,1991
 30 186 ,Tomatlán,6092,3035,3057
 30 187 ,Tonayán,4839,2477,2362
 30 188 ,Totutla,14952,7493,7459
 30 189 ,Túxpam,126616,61156,65460
 30 190 ,Tuxtilla,2210,1089,1121
 30 191 ,Ursulo Galván,27684,13351,14333
 30 192 ,Vega de Alatorre,18771,9129,9642
 30 193 ,Veracruz,457377,215863,241514
 30 194 ,Villa Aldama,7991,3955,4036
 30 195 ,Xoxocotla,4401,2260,2141
 30 196 ,Yanga,16389,7602,8787
 30 197 ,Yecuatla,12500,6129,6371
 30 198 ,Zacualpan,6993,3474,3519
 30 199 ,Zaragoza,8945,4358,4587
 30 200 ,Zentla,12339,6275,6064
 30 201 ,Zongolica,39814,20043,19771
 30 202 ,Zontecomatlán de López y Fuentes,12339,6147,6192
 30 203 ,Zozocolco de Hidalgo,12607,6243,6364
 30 204 ,Agua Dulce,44100,21233,22867
 30 205 ,El Higo,18446,9178,9268
 30 206 ,Nanchital de Lázaro Cárdenas del Río,27218,13215,14003
 30 207 ,Tres Valles,44215,21572,22643
 30 208 ,Carlos A. Carrillo,22858,11002,11856
 30 209 ,Tatahuicapan de Juárez,12488,6304,6184
 30 210 ,Uxpanapa,23461,11889,11572
#NAME?,Yucatán,1658210,818205,840005
 31 001 ,Abalá,5230,2701,2529
 31 002 ,Acanceh,13166,6576,6590
 31 003 ,Akil,9413,4656,4757
 31 004 ,Baca,5095,2533,2562
 31 005 ,Bokobá,1974,1024,950
 31 006 ,Buctzotz,7959,3998,3961
 31 007 ,Cacalchén,6286,3196,3090
 31 008 ,Calotmul,3916,1997,1919
 31 009 ,Cansahcab,4743,2352,2391
 31 010 ,Cantamayec,2085,1076,1009
 31 011 ,Celestún,6065,3115,2950
 31 012 ,Cenotillo,3445,1593,1852
 31 013 ,Conkal,7620,3881,3739
 31 014 ,Cuncunul,1313,686,627
 31 015 ,Cuzamá,4387,2230,2157
 31 016 ,Chacsinkín,2369,1234,1135
 31 017 ,Chankom,4016,2039,1977
 31 018 ,Chapab,2800,1438,1362
 31 019 ,Chemax,25085,12542,12543
 31 020 ,Chicxulub Pueblo,3503,1825,1678
 31 021 ,Chichimilá,6561,3243,3318
 31 022 ,Chikindzonot,3511,1784,1727
 31 023 ,Chocholá,4057,2052,2005
 31 024 ,Chumayel,2868,1437,1431
 31 025 ,Dzán,4316,2110,2206
 31 026 ,Dzemul,3150,1625,1525
 31 027 ,Dzidzantún,7877,4032,3845
 31 028 ,Dzilam de Bravo,2414,1251,1163
 31 029 ,Dzilam González,5854,3033,2821
 31 030 ,Dzitás,3413,1753,1660
 31 031 ,Dzoncauich,2723,1367,1356
 31 032 ,Espita,12666,6284,6382
 31 033 ,Halachó,16864,8508,8356
 31 034 ,Hocabá,5312,2737,2575
 31 035 ,Hoctún,5477,2670,2807
 31 036 ,Homún,6112,3109,3003
 31 037 ,Huhí,4227,2141,2086
 31 038 ,Hunucmá,25979,13019,12960
 31 039 ,Ixil,3226,1640,1586
 31 040 ,Izamal,23006,11346,11660
 31 041 ,Kanasín,39191,19534,19657
 31 042 ,Kantunil,5130,2549,2581
 31 043 ,Kaua,2248,1157,1091
 31 044 ,Kinchil,5534,2772,2762
 31 045 ,Kopomá,2184,1146,1038
 31 046 ,Mama,2720,1346,1374
 31 047 ,Maní,4664,2226,2438
 31 048 ,Maxcanú,18804,9558,9246
 31 049 ,Mayapán,2484,1217,1267
 31 050 ,Mérida,705055,339543,365512
 31 051 ,Mocochá,2684,1343,1341
 31 052 ,Motul,29485,14645,14840
 31 053 ,Muna,11449,5741,5708
 31 054 ,Muxupip,2537,1240,1297
 31 055 ,Opichén,5279,2724,2555
 31 056 ,Oxkutzcab,25483,12254,13229
 31 057 ,Panabá,7802,3984,3818
 31 058 ,Peto,21284,10539,10745
 31 059 ,Progreso,48797,24544,24253
 31 060 ,Quintana Roo,993,502,491
 31 061 ,Río Lagartos,3061,1600,1461
 31 062 ,Sacalum,3909,2037,1872
 31 063 ,Samahil,4354,2201,2153
 31 064 ,Sanahcat,1452,723,729
 31 065 ,San Felipe,1838,1003,835
 31 066 ,Santa Elena,3489,1758,1731
 31 067 ,Seyé,8275,4294,3981
 31 068 ,Sinanché,3039,1587,1452
 31 069 ,Sotuta,7633,3881,3752
 31 070 ,Sucilá,3874,2015,1859
 31 071 ,Sudzal,1527,769,758
 31 072 ,Suma,1847,949,898
 31 073 ,Tahdziú,3193,1600,1593
 31 074 ,Tahmek,3505,1798,1707
 31 075 ,Teabo,4866,2343,2523
 31 076 ,Tecoh,14380,7272,7108
 31 077 ,Tekal de Venegas,2310,1176,1134
 31 078 ,Tekantó,3889,1907,1982
 31 079 ,Tekax,34802,17607,17195
 31 080 ,Tekit,8464,4301,4163
 31 081 ,Tekom,2660,1346,1314
 31 082 ,Telchac Pueblo,3302,1676,1626
 31 083 ,Telchac Puerto,1594,825,769
 31 084 ,Temax,6396,3231,3165
 31 085 ,Temozón,12274,6182,6092
 31 086 ,Tepakán,2126,1085,1041
 31 087 ,Tetiz,4201,2084,2117
 31 088 ,Teya,1926,961,965
 31 089 ,Ticul,32776,16324,16452
 31 090 ,Timucuy,5883,3053,2830
 31 091 ,Tinum,9533,4846,4687
 31 092 ,Tixcacalcupul,5289,2699,2590
 31 093 ,Tixkokob,15281,7611,7670
 31 094 ,Tixmehuac,4012,2070,1942
 31 095 ,Tixpéhual,4840,2441,2399
 31 096 ,Tizimín,64104,32173,31931
 31 097 ,Tunkás,3528,1784,1744
 31 098 ,Tzucacab,12577,6359,6218
 31 099 ,Uayma,2976,1560,1416
 31 100 ,Ucú,2909,1490,1419
 31 101 ,Umán,49145,24678,24467
 31 102 ,Valladolid,56776,27954,28822
 31 103 ,Xocchel,2824,1441,1383
 31 104 ,Yaxcabá,13243,6818,6425
 31 105 ,Yaxkukul,2371,1223,1148
 31 106 ,Yobaín,2067,1073,994
#NAME?,Zacatecas,1353610,653583,700027
 32 001 ,Apozol,7371,3520,3851
 32 002 ,Apulco,4976,2329,2647
 32 003 ,Atolinga,3199,1499,1700
 32 004 ,Benito Juárez,4368,2108,2260
 32 005 ,Calera,31897,15884,16013
 32 006 ,Cañitas de Felipe Pescador,8522,4124,4398
 32 007 ,Concepción del Oro,11728,5920,5808
 32 008 ,Cuauhtémoc,10824,5352,5472
 32 009 ,Chalchihuites,11927,5633,6294
 32 010 ,Fresnillo,183236,89000,94236
 32 011 ,Trinidad García de la Cadena,3547,1687,1860
 32 012 ,Genaro Codina,7974,3934,4040
 32 013 ,General Enrique Estrada,5486,2702,2784
 32 014 ,General Francisco R. Murguía,23112,11056,12056
 32 015 ,El Plateado de Joaquín Amaro,2018,943,1075
 32 016 ,General Pánfilo Natera,21689,10424,11265
 32 017 ,Guadalupe,109066,53009,56057
 32 018 ,Huanusco,5254,2447,2807
 32 019 ,Jalpa,23470,11150,12320
 32 020 ,Jerez,54757,25860,28897
 32 021 ,Jiménez del Teul,5235,2560,2675
 32 022 ,Juan Aldama,19387,9326,10061
 32 023 ,Juchipila,12669,5936,6733
 32 024 ,Loreto,39921,19669,20252
 32 025 ,Luis Moya,11418,5525,5893
 32 026 ,Mazapil,17860,9301,8559
 32 027 ,Melchor Ocampo,2720,1408,1312
 32 028 ,Mezquital del Oro,3004,1453,1551
 32 029 ,Miguel Auza,21671,10557,11114
 32 030 ,Momax,2916,1374,1542
 32 031 ,Monte Escobedo,9702,4558,5144
 32 032 ,Morelos,9755,4835,4920
 32 033 ,Moyahua de Estrada,5704,2631,3073
 32 034 ,Nochistlán de Mejía,29282,13348,15934
 32 035 ,Noria de Ángeles,13814,6792,7022
 32 036 ,Ojocaliente,38219,18603,19616
 32 037 ,Pánuco,13985,6923,7062
 32 038 ,Pinos,64415,31075,33340
 32 039 ,Río Grande,59330,27861,31469
 32 040 ,Sain Alto,20775,9882,10893
 32 041 ,El Salvador,3101,1564,1537
 32 042 ,Sombrerete,61652,30018,31634
 32 043 ,Susticacán,1346,625,721
 32 044 ,Tabasco,15681,7543,8138
 32 045 ,Tepechitlán,8972,4225,4747
 32 046 ,Tepetongo,8446,3863,4583
 32 047 ,Teul de González Ortega,9174,4448,4726
 32 048 ,Tlaltenango de Sánchez Román,23456,11368,12088
 32 049 ,Valparaíso,35048,16708,18340
 32 050 ,Vetagrande,7228,3540,3688
 32 051 ,Villa de Cos,32125,15955,16170
 32 052 ,Villa García,14443,7212,7231
 32 053 ,Villa González Ortega,11870,5566,6304
 32 054 ,Villa Hidalgo,15746,7577,8169
 32 055 ,Villanueva,32140,15141,16999
 32 056 ,Zacatecas,123899,59493,64406
 32 057 ,Trancoso,13080,6539,6541
